"success","trial_type","trial_index","time_elapsed","internal_node_id","assignmentID","mturkID","hitID","view_history","rt","stimulus","key_press","reactionTime","a","r","warning","s","cond","reward_cond","reward_cond_actual","reward_matrix_idx","responses"
"true","fullscreen","0","4045","0.0-0.0","3BEFOD78W7FPGT6J6LEIZSM1N8VM4F","AYIECNJJDE14Y","3I7KR83SNAZT1REYB2SRC49PCEEK9H","","","","","","","","","","","","","",""
"","instructions","1","39322","0.0-1.0","3BEFOD78W7FPGT6J6LEIZSM1N8VM4F","AYIECNJJDE14Y","3I7KR83SNAZT1REYB2SRC49PCEEK9H","[{""page_index"":0,""viewing_time"":5096.299999952316},{""page_index"":1,""viewing_time"":2314},{""page_index"":2,""viewing_time"":1707.1000001430511},{""page_index"":3,""viewing_time"":6784.200000047684},{""page_index"":4,""viewing_time"":6201.5},{""page_index"":5,""viewing_time"":9152.399999856949},{""page_index"":6,""viewing_time"":4019.600000143051}]","35275.700000047684","","","","","","","","","","","",""
"","instructions","2","62340","0.0-2.0","3BEFOD78W7FPGT6J6LEIZSM1N8VM4F","AYIECNJJDE14Y","3I7KR83SNAZT1REYB2SRC49PCEEK9H","[{""page_index"":0,""viewing_time"":21528.799999952316},{""page_index"":1,""viewing_time"":1488.2000000476837}]","23017.400000095367","","","","","","","","","","","",""
"","image-keyboard-response","3","62883","0.0-3.0","3BEFOD78W7FPGT6J6LEIZSM1N8VM4F","AYIECNJJDE14Y","3I7KR83SNAZT1REYB2SRC49PCEEK9H","","540.2999999523163","img/food6.png","74","542.6999998092651","1","0","false","3","2","1,0.5,0,1,0.5,0,0.5,0,1","1,0.5,0,1,0.5,0,0.5,0,1","1",""
"","html-keyboard-response","4","63187","0.0-4.0","3BEFOD78W7FPGT6J6LEIZSM1N8VM4F","AYIECNJJDE14Y","3I7KR83SNAZT1REYB2SRC49PCEEK9H","","null","<img src=""img/food6.png"" style=""width:200px;border:14px solid red;"">","null","","","","","","","","","",""
"","image-keyboard-response","5","63478","0.0-6.0","3BEFOD78W7FPGT6J6LEIZSM1N8VM4F","AYIECNJJDE14Y","3I7KR83SNAZT1REYB2SRC49PCEEK9H","","288","img/food1.png","75","290","2","0","false","2","2","1,0.5,0,1,0.5,0,0.5,0,1","1,0.5,0,1,0.5,0,0.5,0,1","1",""
"","html-keyboard-response","6","63782","0.0-7.0","3BEFOD78W7FPGT6J6LEIZSM1N8VM4F","AYIECNJJDE14Y","3I7KR83SNAZT1REYB2SRC49PCEEK9H","","null","<img src=""img/food1.png"" style=""width:200px;border:14px solid red;"">","null","","","","","","","","","",""
"","image-keyboard-response","7","64267","0.0-9.0","3BEFOD78W7FPGT6J6LEIZSM1N8VM4F","AYIECNJJDE14Y","3I7KR83SNAZT1REYB2SRC49PCEEK9H","","483.5","img/food6.png","75","485.39999985694885","2","0","false","3","2","1,0.5,0,1,0.5,0,0.5,0,1","1,0.5,0,1,0.5,0,0.5,0,1","1",""
"","html-keyboard-response","8","64572","0.0-10.0","3BEFOD78W7FPGT6J6LEIZSM1N8VM4F","AYIECNJJDE14Y","3I7KR83SNAZT1REYB2SRC49PCEEK9H","","null","<img src=""img/food6.png"" style=""width:200px;border:14px solid red;"">","null","","","","","","","","","",""
"","image-keyboard-response","9","64802","0.0-12.0","3BEFOD78W7FPGT6J6LEIZSM1N8VM4F","AYIECNJJDE14Y","3I7KR83SNAZT1REYB2SRC49PCEEK9H","","227.90000009536743","img/food1.png","76","230.10000014305115","3","0","false","2","2","1,0.5,0,1,0.5,0,0.5,0,1","1,0.5,0,1,0.5,0,0.5,0,1","1",""
"","html-keyboard-response","10","65106","0.0-13.0","3BEFOD78W7FPGT6J6LEIZSM1N8VM4F","AYIECNJJDE14Y","3I7KR83SNAZT1REYB2SRC49PCEEK9H","","null","<img src=""img/food1.png"" style=""width:200px;border:14px solid red;"">","null","","","","","","","","","",""
"","image-keyboard-response","11","65321","0.0-15.0","3BEFOD78W7FPGT6J6LEIZSM1N8VM4F","AYIECNJJDE14Y","3I7KR83SNAZT1REYB2SRC49PCEEK9H","","212.5","img/food6.png","76","214.19999980926514","3","1","false","3","2","1,0.5,0,1,0.5,0,0.5,0,1","1,0.5,0,1,0.5,0,0.5,0,1","1",""
"","html-keyboard-response","12","65624","0.0-16.0","3BEFOD78W7FPGT6J6LEIZSM1N8VM4F","AYIECNJJDE14Y","3I7KR83SNAZT1REYB2SRC49PCEEK9H","","null","<img src=""img/food6.png"" style=""width:200px; border:14px solid green;"">","null","","","","","","","","","",""
"","image-keyboard-response","13","66626","0.0-18.0","3BEFOD78W7FPGT6J6LEIZSM1N8VM4F","AYIECNJJDE14Y","3I7KR83SNAZT1REYB2SRC49PCEEK9H","","","img/food1.png","","1001.6000001430511","-1","0","true","2","2","1,0.5,0,1,0.5,0,0.5,0,1","1,0.5,0,1,0.5,0,0.5,0,1","1",""
"","html-keyboard-response","14","66928","0.0-19.0","3BEFOD78W7FPGT6J6LEIZSM1N8VM4F","AYIECNJJDE14Y","3I7KR83SNAZT1REYB2SRC49PCEEK9H","","null","<img src=""img/food1.png"" style=""width:200px;border:14px solid red;"">","null","","","","","","","","","",""
"","html-keyboard-response","15","86079","0.0-20.0-0.0","3BEFOD78W7FPGT6J6LEIZSM1N8VM4F","AYIECNJJDE14Y","3I7KR83SNAZT1REYB2SRC49PCEEK9H","","","","","","","","","","","","","",""
"","image-keyboard-response","16","86625","0.0-21.0","3BEFOD78W7FPGT6J6LEIZSM1N8VM4F","AYIECNJJDE14Y","3I7KR83SNAZT1REYB2SRC49PCEEK9H","","544.5","img/food6.png","76","546.2000000476837","3","1","false","3","2","1,0.5,0,1,0.5,0,0.5,0,1","1,0.5,0,1,0.5,0,0.5,0,1","1",""
"","html-keyboard-response","17","86928","0.0-22.0","3BEFOD78W7FPGT6J6LEIZSM1N8VM4F","AYIECNJJDE14Y","3I7KR83SNAZT1REYB2SRC49PCEEK9H","","null","<img src=""img/food6.png"" style=""width:200px; border:14px solid green;"">","null","","","","","","","","","",""
"","image-keyboard-response","18","87227","0.0-24.0","3BEFOD78W7FPGT6J6LEIZSM1N8VM4F","AYIECNJJDE14Y","3I7KR83SNAZT1REYB2SRC49PCEEK9H","","296.09999990463257","img/food1.png","76","298.2000000476837","3","0","false","2","2","1,0.5,0,1,0.5,0,0.5,0,1","1,0.5,0,1,0.5,0,0.5,0,1","1",""
"","html-keyboard-response","19","87531","0.0-25.0","3BEFOD78W7FPGT6J6LEIZSM1N8VM4F","AYIECNJJDE14Y","3I7KR83SNAZT1REYB2SRC49PCEEK9H","","null","<img src=""img/food1.png"" style=""width:200px;border:14px solid red;"">","null","","","","","","","","","",""
"","image-keyboard-response","20","87634","0.0-27.0","3BEFOD78W7FPGT6J6LEIZSM1N8VM4F","AYIECNJJDE14Y","3I7KR83SNAZT1REYB2SRC49PCEEK9H","","100.59999990463257","img/food3.png","76","102.70000004768372","3","0","false","1","2","1,0.5,0,1,0.5,0,0.5,0,1","1,0.5,0,1,0.5,0,0.5,0,1","1",""
"","html-keyboard-response","21","87937","0.0-28.0","3BEFOD78W7FPGT6J6LEIZSM1N8VM4F","AYIECNJJDE14Y","3I7KR83SNAZT1REYB2SRC49PCEEK9H","","null","<img src=""img/food3.png"" style=""width:200px;border:14px solid red;"">","null","","","","","","","","","",""
"","image-keyboard-response","22","87985","0.0-30.0","3BEFOD78W7FPGT6J6LEIZSM1N8VM4F","AYIECNJJDE14Y","3I7KR83SNAZT1REYB2SRC49PCEEK9H","","47.30000019073486","img/food1.png","75","48","2","0","false","2","2","1,0.5,0,1,0.5,0,0.5,0,1","1,0.5,0,1,0.5,0,0.5,0,1","1",""
"","html-keyboard-response","23","88286","0.0-31.0","3BEFOD78W7FPGT6J6LEIZSM1N8VM4F","AYIECNJJDE14Y","3I7KR83SNAZT1REYB2SRC49PCEEK9H","","null","<img src=""img/food1.png"" style=""width:200px;border:14px solid red;"">","null","","","","","","","","","",""
"","image-keyboard-response","24","88605","0.0-33.0","3BEFOD78W7FPGT6J6LEIZSM1N8VM4F","AYIECNJJDE14Y","3I7KR83SNAZT1REYB2SRC49PCEEK9H","","315.90000009536743","img/food6.png","74","317.7999999523163","1","1","false","3","2","1,0.5,0,1,0.5,0,0.5,0,1","1,0.5,0,1,0.5,0,0.5,0,1","1",""
"","html-keyboard-response","25","88917","0.0-34.0","3BEFOD78W7FPGT6J6LEIZSM1N8VM4F","AYIECNJJDE14Y","3I7KR83SNAZT1REYB2SRC49PCEEK9H","","null","<img src=""img/food6.png"" style=""width:200px; border:14px solid green;"">","null","","","","","","","","","",""
"","image-keyboard-response","26","88921","0.0-36.0","3BEFOD78W7FPGT6J6LEIZSM1N8VM4F","AYIECNJJDE14Y","3I7KR83SNAZT1REYB2SRC49PCEEK9H","","3.6000001430511475","img/food6.png","74","4.200000047683716","1","1","false","3","2","1,0.5,0,1,0.5,0,0.5,0,1","1,0.5,0,1,0.5,0,0.5,0,1","1",""
"","html-keyboard-response","27","89223","0.0-37.0","3BEFOD78W7FPGT6J6LEIZSM1N8VM4F","AYIECNJJDE14Y","3I7KR83SNAZT1REYB2SRC49PCEEK9H","","null","<img src=""img/food6.png"" style=""width:200px; border:14px solid green;"">","null","","","","","","","","","",""
"","image-keyboard-response","28","89235","0.0-39.0","3BEFOD78W7FPGT6J6LEIZSM1N8VM4F","AYIECNJJDE14Y","3I7KR83SNAZT1REYB2SRC49PCEEK9H","","8.900000095367432","img/food1.png","74","10.900000095367432","1","1","false","2","2","1,0.5,0,1,0.5,0,0.5,0,1","1,0.5,0,1,0.5,0,0.5,0,1","1",""
"","html-keyboard-response","29","89538","0.0-40.0","3BEFOD78W7FPGT6J6LEIZSM1N8VM4F","AYIECNJJDE14Y","3I7KR83SNAZT1REYB2SRC49PCEEK9H","","null","<img src=""img/food1.png"" style=""width:200px; border:14px solid green;"">","null","","","","","","","","","",""
"","image-keyboard-response","30","90021","0.0-42.0","3BEFOD78W7FPGT6J6LEIZSM1N8VM4F","AYIECNJJDE14Y","3I7KR83SNAZT1REYB2SRC49PCEEK9H","","480.7000000476837","img/food3.png","74","482.59999990463257","1","1","false","1","2","1,0.5,0,1,0.5,0,0.5,0,1","1,0.5,0,1,0.5,0,0.5,0,1","1",""
"","html-keyboard-response","31","90324","0.0-43.0","3BEFOD78W7FPGT6J6LEIZSM1N8VM4F","AYIECNJJDE14Y","3I7KR83SNAZT1REYB2SRC49PCEEK9H","","null","<img src=""img/food3.png"" style=""width:200px; border:14px solid green;"">","null","","","","","","","","","",""
"","image-keyboard-response","32","90563","0.0-45.0","3BEFOD78W7FPGT6J6LEIZSM1N8VM4F","AYIECNJJDE14Y","3I7KR83SNAZT1REYB2SRC49PCEEK9H","","236.80000019073486","img/food3.png","74","238.90000009536743","1","1","false","1","2","1,0.5,0,1,0.5,0,0.5,0,1","1,0.5,0,1,0.5,0,0.5,0,1","1",""
"","html-keyboard-response","33","90865","0.0-46.0","3BEFOD78W7FPGT6J6LEIZSM1N8VM4F","AYIECNJJDE14Y","3I7KR83SNAZT1REYB2SRC49PCEEK9H","","null","<img src=""img/food3.png"" style=""width:200px; border:14px solid green;"">","null","","","","","","","","","",""
"","image-keyboard-response","34","91124","0.0-48.0","3BEFOD78W7FPGT6J6LEIZSM1N8VM4F","AYIECNJJDE14Y","3I7KR83SNAZT1REYB2SRC49PCEEK9H","","256.7999999523163","img/food1.png","74","258.09999990463257","1","1","false","2","2","1,0.5,0,1,0.5,0,0.5,0,1","1,0.5,0,1,0.5,0,0.5,0,1","1",""
"","html-keyboard-response","35","91427","0.0-49.0","3BEFOD78W7FPGT6J6LEIZSM1N8VM4F","AYIECNJJDE14Y","3I7KR83SNAZT1REYB2SRC49PCEEK9H","","null","<img src=""img/food1.png"" style=""width:200px; border:14px solid green;"">","null","","","","","","","","","",""
"","image-keyboard-response","36","91692","0.0-51.0","3BEFOD78W7FPGT6J6LEIZSM1N8VM4F","AYIECNJJDE14Y","3I7KR83SNAZT1REYB2SRC49PCEEK9H","","262.2999999523163","img/food6.png","74","264.40000009536743","1","0","false","3","2","1,0.5,0,1,0.5,0,0.5,0,1","1,0.5,0,1,0.5,0,0.5,0,1","1",""
"","html-keyboard-response","37","91995","0.0-52.0","3BEFOD78W7FPGT6J6LEIZSM1N8VM4F","AYIECNJJDE14Y","3I7KR83SNAZT1REYB2SRC49PCEEK9H","","null","<img src=""img/food6.png"" style=""width:200px;border:14px solid red;"">","null","","","","","","","","","",""
"","image-keyboard-response","38","92224","0.0-54.0","3BEFOD78W7FPGT6J6LEIZSM1N8VM4F","AYIECNJJDE14Y","3I7KR83SNAZT1REYB2SRC49PCEEK9H","","226.89999985694885","img/food1.png","74","228.70000004768372","1","1","false","2","2","1,0.5,0,1,0.5,0,0.5,0,1","1,0.5,0,1,0.5,0,0.5,0,1","1",""
"","html-keyboard-response","39","92527","0.0-55.0","3BEFOD78W7FPGT6J6LEIZSM1N8VM4F","AYIECNJJDE14Y","3I7KR83SNAZT1REYB2SRC49PCEEK9H","","null","<img src=""img/food1.png"" style=""width:200px; border:14px solid green;"">","null","","","","","","","","","",""
"","image-keyboard-response","40","92798","0.0-57.0","3BEFOD78W7FPGT6J6LEIZSM1N8VM4F","AYIECNJJDE14Y","3I7KR83SNAZT1REYB2SRC49PCEEK9H","","267.2000000476837","img/food1.png","74","269.7000000476837","1","1","false","2","2","1,0.5,0,1,0.5,0,0.5,0,1","1,0.5,0,1,0.5,0,0.5,0,1","1",""
"","html-keyboard-response","41","93101","0.0-58.0","3BEFOD78W7FPGT6J6LEIZSM1N8VM4F","AYIECNJJDE14Y","3I7KR83SNAZT1REYB2SRC49PCEEK9H","","null","<img src=""img/food1.png"" style=""width:200px; border:14px solid green;"">","null","","","","","","","","","",""
"","image-keyboard-response","42","93289","0.0-60.0","3BEFOD78W7FPGT6J6LEIZSM1N8VM4F","AYIECNJJDE14Y","3I7KR83SNAZT1REYB2SRC49PCEEK9H","","185.59999990463257","img/food1.png","74","187.5","1","1","false","2","2","1,0.5,0,1,0.5,0,0.5,0,1","1,0.5,0,1,0.5,0,0.5,0,1","1",""
"","html-keyboard-response","43","93591","0.0-61.0","3BEFOD78W7FPGT6J6LEIZSM1N8VM4F","AYIECNJJDE14Y","3I7KR83SNAZT1REYB2SRC49PCEEK9H","","null","<img src=""img/food1.png"" style=""width:200px; border:14px solid green;"">","null","","","","","","","","","",""
"","image-keyboard-response","44","93756","0.0-63.0","3BEFOD78W7FPGT6J6LEIZSM1N8VM4F","AYIECNJJDE14Y","3I7KR83SNAZT1REYB2SRC49PCEEK9H","","161.89999985694885","img/food1.png","74","164","1","1","false","2","2","1,0.5,0,1,0.5,0,0.5,0,1","1,0.5,0,1,0.5,0,0.5,0,1","1",""
"","html-keyboard-response","45","94060","0.0-64.0","3BEFOD78W7FPGT6J6LEIZSM1N8VM4F","AYIECNJJDE14Y","3I7KR83SNAZT1REYB2SRC49PCEEK9H","","null","<img src=""img/food1.png"" style=""width:200px; border:14px solid green;"">","null","","","","","","","","","",""
"","image-keyboard-response","46","94223","0.0-66.0","3BEFOD78W7FPGT6J6LEIZSM1N8VM4F","AYIECNJJDE14Y","3I7KR83SNAZT1REYB2SRC49PCEEK9H","","161.20000004768372","img/food3.png","74","163.09999990463257","1","1","false","1","2","1,0.5,0,1,0.5,0,0.5,0,1","1,0.5,0,1,0.5,0,0.5,0,1","1",""
"","html-keyboard-response","47","94535","0.0-67.0","3BEFOD78W7FPGT6J6LEIZSM1N8VM4F","AYIECNJJDE14Y","3I7KR83SNAZT1REYB2SRC49PCEEK9H","","null","<img src=""img/food3.png"" style=""width:200px; border:14px solid green;"">","null","","","","","","","","","",""
"","image-keyboard-response","48","94580","0.0-69.0","3BEFOD78W7FPGT6J6LEIZSM1N8VM4F","AYIECNJJDE14Y","3I7KR83SNAZT1REYB2SRC49PCEEK9H","","43","img/food3.png","75","44.299999952316284","2","1","false","1","2","1,0.5,0,1,0.5,0,0.5,0,1","1,0.5,0,1,0.5,0,0.5,0,1","1",""
"","html-keyboard-response","49","94881","0.0-70.0","3BEFOD78W7FPGT6J6LEIZSM1N8VM4F","AYIECNJJDE14Y","3I7KR83SNAZT1REYB2SRC49PCEEK9H","","null","<img src=""img/food3.png"" style=""width:200px; border:14px solid green;"">","null","","","","","","","","","",""
"","image-keyboard-response","50","94897","0.0-72.0","3BEFOD78W7FPGT6J6LEIZSM1N8VM4F","AYIECNJJDE14Y","3I7KR83SNAZT1REYB2SRC49PCEEK9H","","15.299999952316284","img/food3.png","75","15.900000095367432","2","0","false","1","2","1,0.5,0,1,0.5,0,0.5,0,1","1,0.5,0,1,0.5,0,0.5,0,1","1",""
"","html-keyboard-response","51","95199","0.0-73.0","3BEFOD78W7FPGT6J6LEIZSM1N8VM4F","AYIECNJJDE14Y","3I7KR83SNAZT1REYB2SRC49PCEEK9H","","null","<img src=""img/food3.png"" style=""width:200px;border:14px solid red;"">","null","","","","","","","","","",""
"","image-keyboard-response","52","95426","0.0-75.0","3BEFOD78W7FPGT6J6LEIZSM1N8VM4F","AYIECNJJDE14Y","3I7KR83SNAZT1REYB2SRC49PCEEK9H","","224.5","img/food6.png","75","226.20000004768372","2","0","false","3","2","1,0.5,0,1,0.5,0,0.5,0,1","1,0.5,0,1,0.5,0,0.5,0,1","1",""
"","html-keyboard-response","53","95730","0.0-76.0","3BEFOD78W7FPGT6J6LEIZSM1N8VM4F","AYIECNJJDE14Y","3I7KR83SNAZT1REYB2SRC49PCEEK9H","","null","<img src=""img/food6.png"" style=""width:200px;border:14px solid red;"">","null","","","","","","","","","",""
"","image-keyboard-response","54","95882","0.0-78.0","3BEFOD78W7FPGT6J6LEIZSM1N8VM4F","AYIECNJJDE14Y","3I7KR83SNAZT1REYB2SRC49PCEEK9H","","149.20000004768372","img/food1.png","74","151.20000004768372","1","1","false","2","2","1,0.5,0,1,0.5,0,0.5,0,1","1,0.5,0,1,0.5,0,0.5,0,1","1",""
"","html-keyboard-response","55","96185","0.0-79.0","3BEFOD78W7FPGT6J6LEIZSM1N8VM4F","AYIECNJJDE14Y","3I7KR83SNAZT1REYB2SRC49PCEEK9H","","null","<img src=""img/food1.png"" style=""width:200px; border:14px solid green;"">","null","","","","","","","","","",""
"","image-keyboard-response","56","96363","0.0-81.0","3BEFOD78W7FPGT6J6LEIZSM1N8VM4F","AYIECNJJDE14Y","3I7KR83SNAZT1REYB2SRC49PCEEK9H","","175.5","img/food1.png","74","177","1","1","false","2","2","1,0.5,0,1,0.5,0,0.5,0,1","1,0.5,0,1,0.5,0,0.5,0,1","1",""
"","html-keyboard-response","57","96676","0.0-82.0","3BEFOD78W7FPGT6J6LEIZSM1N8VM4F","AYIECNJJDE14Y","3I7KR83SNAZT1REYB2SRC49PCEEK9H","","null","<img src=""img/food1.png"" style=""width:200px; border:14px solid green;"">","null","","","","","","","","","",""
"","image-keyboard-response","58","96825","0.0-84.0","3BEFOD78W7FPGT6J6LEIZSM1N8VM4F","AYIECNJJDE14Y","3I7KR83SNAZT1REYB2SRC49PCEEK9H","","146.89999985694885","img/food6.png","74","149.09999990463257","1","0","false","3","2","1,0.5,0,1,0.5,0,0.5,0,1","1,0.5,0,1,0.5,0,0.5,0,1","1",""
"","html-keyboard-response","59","97128","0.0-85.0","3BEFOD78W7FPGT6J6LEIZSM1N8VM4F","AYIECNJJDE14Y","3I7KR83SNAZT1REYB2SRC49PCEEK9H","","null","<img src=""img/food6.png"" style=""width:200px;border:14px solid red;"">","null","","","","","","","","","",""
"","image-keyboard-response","60","97304","0.0-87.0","3BEFOD78W7FPGT6J6LEIZSM1N8VM4F","AYIECNJJDE14Y","3I7KR83SNAZT1REYB2SRC49PCEEK9H","","175.10000014305115","img/food3.png","74","176.5","1","1","false","1","2","1,0.5,0,1,0.5,0,0.5,0,1","1,0.5,0,1,0.5,0,0.5,0,1","1",""
"","html-keyboard-response","61","97607","0.0-88.0","3BEFOD78W7FPGT6J6LEIZSM1N8VM4F","AYIECNJJDE14Y","3I7KR83SNAZT1REYB2SRC49PCEEK9H","","null","<img src=""img/food3.png"" style=""width:200px; border:14px solid green;"">","null","","","","","","","","","",""
"","image-keyboard-response","62","97809","0.0-90.0","3BEFOD78W7FPGT6J6LEIZSM1N8VM4F","AYIECNJJDE14Y","3I7KR83SNAZT1REYB2SRC49PCEEK9H","","199","img/food1.png","74","201.5","1","1","false","2","2","1,0.5,0,1,0.5,0,0.5,0,1","1,0.5,0,1,0.5,0,0.5,0,1","1",""
"","html-keyboard-response","63","98113","0.0-91.0","3BEFOD78W7FPGT6J6LEIZSM1N8VM4F","AYIECNJJDE14Y","3I7KR83SNAZT1REYB2SRC49PCEEK9H","","null","<img src=""img/food1.png"" style=""width:200px; border:14px solid green;"">","null","","","","","","","","","",""
"","image-keyboard-response","64","98334","0.0-93.0","3BEFOD78W7FPGT6J6LEIZSM1N8VM4F","AYIECNJJDE14Y","3I7KR83SNAZT1REYB2SRC49PCEEK9H","","218.59999990463257","img/food1.png","74","221","1","1","false","2","2","1,0.5,0,1,0.5,0,0.5,0,1","1,0.5,0,1,0.5,0,0.5,0,1","1",""
"","html-keyboard-response","65","98638","0.0-94.0","3BEFOD78W7FPGT6J6LEIZSM1N8VM4F","AYIECNJJDE14Y","3I7KR83SNAZT1REYB2SRC49PCEEK9H","","null","<img src=""img/food1.png"" style=""width:200px; border:14px solid green;"">","null","","","","","","","","","",""
"","image-keyboard-response","66","98673","0.0-96.0","3BEFOD78W7FPGT6J6LEIZSM1N8VM4F","AYIECNJJDE14Y","3I7KR83SNAZT1REYB2SRC49PCEEK9H","","32","img/food1.png","75","34","2","1","false","2","2","1,0.5,0,1,0.5,0,0.5,0,1","1,0.5,0,1,0.5,0,0.5,0,1","1",""
"","html-keyboard-response","67","98976","0.0-97.0","3BEFOD78W7FPGT6J6LEIZSM1N8VM4F","AYIECNJJDE14Y","3I7KR83SNAZT1REYB2SRC49PCEEK9H","","null","<img src=""img/food1.png"" style=""width:200px; border:14px solid green;"">","null","","","","","","","","","",""
"","image-keyboard-response","68","99118","0.0-99.0","3BEFOD78W7FPGT6J6LEIZSM1N8VM4F","AYIECNJJDE14Y","3I7KR83SNAZT1REYB2SRC49PCEEK9H","","139.5","img/food1.png","75","141.40000009536743","2","0","false","2","2","1,0.5,0,1,0.5,0,0.5,0,1","1,0.5,0,1,0.5,0,0.5,0,1","1",""
"","html-keyboard-response","69","99420","0.0-100.0","3BEFOD78W7FPGT6J6LEIZSM1N8VM4F","AYIECNJJDE14Y","3I7KR83SNAZT1REYB2SRC49PCEEK9H","","null","<img src=""img/food1.png"" style=""width:200px;border:14px solid red;"">","null","","","","","","","","","",""
"","image-keyboard-response","70","99600","0.0-102.0","3BEFOD78W7FPGT6J6LEIZSM1N8VM4F","AYIECNJJDE14Y","3I7KR83SNAZT1REYB2SRC49PCEEK9H","","177","img/food1.png","74","178.79999995231628","1","1","false","2","2","1,0.5,0,1,0.5,0,0.5,0,1","1,0.5,0,1,0.5,0,0.5,0,1","1",""
"","html-keyboard-response","71","99903","0.0-103.0","3BEFOD78W7FPGT6J6LEIZSM1N8VM4F","AYIECNJJDE14Y","3I7KR83SNAZT1REYB2SRC49PCEEK9H","","null","<img src=""img/food1.png"" style=""width:200px; border:14px solid green;"">","null","","","","","","","","","",""
"","image-keyboard-response","72","100084","0.0-105.0","3BEFOD78W7FPGT6J6LEIZSM1N8VM4F","AYIECNJJDE14Y","3I7KR83SNAZT1REYB2SRC49PCEEK9H","","178.20000004768372","img/food1.png","74","179.90000009536743","1","1","false","2","2","1,0.5,0,1,0.5,0,0.5,0,1","1,0.5,0,1,0.5,0,0.5,0,1","1",""
"","html-keyboard-response","73","100387","0.0-106.0","3BEFOD78W7FPGT6J6LEIZSM1N8VM4F","AYIECNJJDE14Y","3I7KR83SNAZT1REYB2SRC49PCEEK9H","","null","<img src=""img/food1.png"" style=""width:200px; border:14px solid green;"">","null","","","","","","","","","",""
"","image-keyboard-response","74","100598","0.0-108.0","3BEFOD78W7FPGT6J6LEIZSM1N8VM4F","AYIECNJJDE14Y","3I7KR83SNAZT1REYB2SRC49PCEEK9H","","208.20000004768372","img/food3.png","74","210.40000009536743","1","1","false","1","2","1,0.5,0,1,0.5,0,0.5,0,1","1,0.5,0,1,0.5,0,0.5,0,1","1",""
"","html-keyboard-response","75","100901","0.0-109.0","3BEFOD78W7FPGT6J6LEIZSM1N8VM4F","AYIECNJJDE14Y","3I7KR83SNAZT1REYB2SRC49PCEEK9H","","null","<img src=""img/food3.png"" style=""width:200px; border:14px solid green;"">","null","","","","","","","","","",""
"","image-keyboard-response","76","100905","0.0-111.0","3BEFOD78W7FPGT6J6LEIZSM1N8VM4F","AYIECNJJDE14Y","3I7KR83SNAZT1REYB2SRC49PCEEK9H","","3.299999952316284","img/food3.png","74","4","1","1","false","1","2","1,0.5,0,1,0.5,0,0.5,0,1","1,0.5,0,1,0.5,0,0.5,0,1","1",""
"","html-keyboard-response","77","101207","0.0-112.0","3BEFOD78W7FPGT6J6LEIZSM1N8VM4F","AYIECNJJDE14Y","3I7KR83SNAZT1REYB2SRC49PCEEK9H","","null","<img src=""img/food3.png"" style=""width:200px; border:14px solid green;"">","null","","","","","","","","","",""
"","image-keyboard-response","78","101451","0.0-114.0","3BEFOD78W7FPGT6J6LEIZSM1N8VM4F","AYIECNJJDE14Y","3I7KR83SNAZT1REYB2SRC49PCEEK9H","","241","img/food6.png","74","243","1","0","false","3","2","1,0.5,0,1,0.5,0,0.5,0,1","1,0.5,0,1,0.5,0,0.5,0,1","1",""
"","html-keyboard-response","79","101754","0.0-115.0","3BEFOD78W7FPGT6J6LEIZSM1N8VM4F","AYIECNJJDE14Y","3I7KR83SNAZT1REYB2SRC49PCEEK9H","","null","<img src=""img/food6.png"" style=""width:200px;border:14px solid red;"">","null","","","","","","","","","",""
"","image-keyboard-response","80","101983","0.0-117.0","3BEFOD78W7FPGT6J6LEIZSM1N8VM4F","AYIECNJJDE14Y","3I7KR83SNAZT1REYB2SRC49PCEEK9H","","226.80000019073486","img/food6.png","74","228","1","1","false","3","2","1,0.5,0,1,0.5,0,0.5,0,1","1,0.5,0,1,0.5,0,0.5,0,1","1",""
"","html-keyboard-response","81","102285","0.0-118.0","3BEFOD78W7FPGT6J6LEIZSM1N8VM4F","AYIECNJJDE14Y","3I7KR83SNAZT1REYB2SRC49PCEEK9H","","null","<img src=""img/food6.png"" style=""width:200px; border:14px solid green;"">","null","","","","","","","","","",""
"","image-keyboard-response","82","102326","0.0-120.0","3BEFOD78W7FPGT6J6LEIZSM1N8VM4F","AYIECNJJDE14Y","3I7KR83SNAZT1REYB2SRC49PCEEK9H","","38.5","img/food6.png","74","40.39999985694885","1","1","false","3","2","1,0.5,0,1,0.5,0,0.5,0,1","1,0.5,0,1,0.5,0,0.5,0,1","1",""
"","html-keyboard-response","83","102629","0.0-121.0","3BEFOD78W7FPGT6J6LEIZSM1N8VM4F","AYIECNJJDE14Y","3I7KR83SNAZT1REYB2SRC49PCEEK9H","","null","<img src=""img/food6.png"" style=""width:200px; border:14px solid green;"">","null","","","","","","","","","",""
"","image-keyboard-response","84","102857","0.0-123.0","3BEFOD78W7FPGT6J6LEIZSM1N8VM4F","AYIECNJJDE14Y","3I7KR83SNAZT1REYB2SRC49PCEEK9H","","224.89999985694885","img/food6.png","74","226.60000014305115","1","0","false","3","2","1,0.5,0,1,0.5,0,0.5,0,1","1,0.5,0,1,0.5,0,0.5,0,1","1",""
"","html-keyboard-response","85","103159","0.0-124.0","3BEFOD78W7FPGT6J6LEIZSM1N8VM4F","AYIECNJJDE14Y","3I7KR83SNAZT1REYB2SRC49PCEEK9H","","null","<img src=""img/food6.png"" style=""width:200px;border:14px solid red;"">","null","","","","","","","","","",""
"","image-keyboard-response","86","103330","0.0-126.0","3BEFOD78W7FPGT6J6LEIZSM1N8VM4F","AYIECNJJDE14Y","3I7KR83SNAZT1REYB2SRC49PCEEK9H","","168.10000014305115","img/food3.png","74","169.90000009536743","1","1","false","1","2","1,0.5,0,1,0.5,0,0.5,0,1","1,0.5,0,1,0.5,0,0.5,0,1","1",""
"","html-keyboard-response","87","103633","0.0-127.0","3BEFOD78W7FPGT6J6LEIZSM1N8VM4F","AYIECNJJDE14Y","3I7KR83SNAZT1REYB2SRC49PCEEK9H","","null","<img src=""img/food3.png"" style=""width:200px; border:14px solid green;"">","null","","","","","","","","","",""
"","image-keyboard-response","88","103818","0.0-129.0","3BEFOD78W7FPGT6J6LEIZSM1N8VM4F","AYIECNJJDE14Y","3I7KR83SNAZT1REYB2SRC49PCEEK9H","","181.5","img/food3.png","74","183.79999995231628","1","1","false","1","2","1,0.5,0,1,0.5,0,0.5,0,1","1,0.5,0,1,0.5,0,0.5,0,1","1",""
"","html-keyboard-response","89","104122","0.0-130.0","3BEFOD78W7FPGT6J6LEIZSM1N8VM4F","AYIECNJJDE14Y","3I7KR83SNAZT1REYB2SRC49PCEEK9H","","null","<img src=""img/food3.png"" style=""width:200px; border:14px solid green;"">","null","","","","","","","","","",""
"","image-keyboard-response","90","104326","0.0-132.0","3BEFOD78W7FPGT6J6LEIZSM1N8VM4F","AYIECNJJDE14Y","3I7KR83SNAZT1REYB2SRC49PCEEK9H","","202.09999990463257","img/food6.png","74","203.90000009536743","1","0","false","3","2","1,0.5,0,1,0.5,0,0.5,0,1","1,0.5,0,1,0.5,0,0.5,0,1","1",""
"","html-keyboard-response","91","104628","0.0-133.0","3BEFOD78W7FPGT6J6LEIZSM1N8VM4F","AYIECNJJDE14Y","3I7KR83SNAZT1REYB2SRC49PCEEK9H","","null","<img src=""img/food6.png"" style=""width:200px;border:14px solid red;"">","null","","","","","","","","","",""
"","image-keyboard-response","92","104784","0.0-135.0","3BEFOD78W7FPGT6J6LEIZSM1N8VM4F","AYIECNJJDE14Y","3I7KR83SNAZT1REYB2SRC49PCEEK9H","","152.90000009536743","img/food6.png","74","154.59999990463257","1","0","false","3","2","1,0.5,0,1,0.5,0,0.5,0,1","1,0.5,0,1,0.5,0,0.5,0,1","1",""
"","html-keyboard-response","93","105088","0.0-136.0","3BEFOD78W7FPGT6J6LEIZSM1N8VM4F","AYIECNJJDE14Y","3I7KR83SNAZT1REYB2SRC49PCEEK9H","","null","<img src=""img/food6.png"" style=""width:200px;border:14px solid red;"">","null","","","","","","","","","",""
"","image-keyboard-response","94","105375","0.0-138.0","3BEFOD78W7FPGT6J6LEIZSM1N8VM4F","AYIECNJJDE14Y","3I7KR83SNAZT1REYB2SRC49PCEEK9H","","284.89999985694885","img/food6.png","75","286.7000000476837","2","0","false","3","2","1,0.5,0,1,0.5,0,0.5,0,1","1,0.5,0,1,0.5,0,0.5,0,1","1",""
"","html-keyboard-response","95","105677","0.0-139.0","3BEFOD78W7FPGT6J6LEIZSM1N8VM4F","AYIECNJJDE14Y","3I7KR83SNAZT1REYB2SRC49PCEEK9H","","null","<img src=""img/food6.png"" style=""width:200px;border:14px solid red;"">","null","","","","","","","","","",""
"","image-keyboard-response","96","105701","0.0-141.0","3BEFOD78W7FPGT6J6LEIZSM1N8VM4F","AYIECNJJDE14Y","3I7KR83SNAZT1REYB2SRC49PCEEK9H","","21.5","img/food3.png","75","23.200000047683716","2","1","false","1","2","1,0.5,0,1,0.5,0,0.5,0,1","1,0.5,0,1,0.5,0,0.5,0,1","1",""
"","html-keyboard-response","97","106004","0.0-142.0","3BEFOD78W7FPGT6J6LEIZSM1N8VM4F","AYIECNJJDE14Y","3I7KR83SNAZT1REYB2SRC49PCEEK9H","","null","<img src=""img/food3.png"" style=""width:200px; border:14px solid green;"">","null","","","","","","","","","",""
"","image-keyboard-response","98","106247","0.0-144.0","3BEFOD78W7FPGT6J6LEIZSM1N8VM4F","AYIECNJJDE14Y","3I7KR83SNAZT1REYB2SRC49PCEEK9H","","240.80000019073486","img/food6.png","75","242.70000004768372","2","0","false","3","2","1,0.5,0,1,0.5,0,0.5,0,1","1,0.5,0,1,0.5,0,0.5,0,1","1",""
"","html-keyboard-response","99","106550","0.0-145.0","3BEFOD78W7FPGT6J6LEIZSM1N8VM4F","AYIECNJJDE14Y","3I7KR83SNAZT1REYB2SRC49PCEEK9H","","null","<img src=""img/food6.png"" style=""width:200px;border:14px solid red;"">","null","","","","","","","","","",""
"","image-keyboard-response","100","106764","0.0-147.0","3BEFOD78W7FPGT6J6LEIZSM1N8VM4F","AYIECNJJDE14Y","3I7KR83SNAZT1REYB2SRC49PCEEK9H","","213.39999985694885","img/food6.png","75","214.40000009536743","2","0","false","3","2","1,0.5,0,1,0.5,0,0.5,0,1","1,0.5,0,1,0.5,0,0.5,0,1","1",""
"","html-keyboard-response","101","107068","0.0-148.0","3BEFOD78W7FPGT6J6LEIZSM1N8VM4F","AYIECNJJDE14Y","3I7KR83SNAZT1REYB2SRC49PCEEK9H","","null","<img src=""img/food6.png"" style=""width:200px;border:14px solid red;"">","null","","","","","","","","","",""
"","image-keyboard-response","102","107298","0.0-150.0","3BEFOD78W7FPGT6J6LEIZSM1N8VM4F","AYIECNJJDE14Y","3I7KR83SNAZT1REYB2SRC49PCEEK9H","","227.70000004768372","img/food1.png","76","229.59999990463257","3","0","false","2","2","1,0.5,0,1,0.5,0,0.5,0,1","1,0.5,0,1,0.5,0,0.5,0,1","1",""
"","html-keyboard-response","103","107602","0.0-151.0","3BEFOD78W7FPGT6J6LEIZSM1N8VM4F","AYIECNJJDE14Y","3I7KR83SNAZT1REYB2SRC49PCEEK9H","","null","<img src=""img/food1.png"" style=""width:200px;border:14px solid red;"">","null","","","","","","","","","",""
"","image-keyboard-response","104","107849","0.0-153.0","3BEFOD78W7FPGT6J6LEIZSM1N8VM4F","AYIECNJJDE14Y","3I7KR83SNAZT1REYB2SRC49PCEEK9H","","244.59999990463257","img/food6.png","76","246.29999995231628","3","1","false","3","2","1,0.5,0,1,0.5,0,0.5,0,1","1,0.5,0,1,0.5,0,0.5,0,1","1",""
"","html-keyboard-response","105","108152","0.0-154.0","3BEFOD78W7FPGT6J6LEIZSM1N8VM4F","AYIECNJJDE14Y","3I7KR83SNAZT1REYB2SRC49PCEEK9H","","null","<img src=""img/food6.png"" style=""width:200px; border:14px solid green;"">","null","","","","","","","","","",""
"","image-keyboard-response","106","108362","0.0-156.0","3BEFOD78W7FPGT6J6LEIZSM1N8VM4F","AYIECNJJDE14Y","3I7KR83SNAZT1REYB2SRC49PCEEK9H","","208.09999990463257","img/food3.png","76","209.69999980926514","3","0","false","1","2","1,0.5,0,1,0.5,0,0.5,0,1","1,0.5,0,1,0.5,0,0.5,0,1","1",""
"","html-keyboard-response","107","108663","0.0-157.0","3BEFOD78W7FPGT6J6LEIZSM1N8VM4F","AYIECNJJDE14Y","3I7KR83SNAZT1REYB2SRC49PCEEK9H","","null","<img src=""img/food3.png"" style=""width:200px;border:14px solid red;"">","null","","","","","","","","","",""
"","image-keyboard-response","108","108857","0.0-159.0","3BEFOD78W7FPGT6J6LEIZSM1N8VM4F","AYIECNJJDE14Y","3I7KR83SNAZT1REYB2SRC49PCEEK9H","","189.59999990463257","img/food3.png","76","191.10000014305115","3","0","false","1","2","1,0.5,0,1,0.5,0,0.5,0,1","1,0.5,0,1,0.5,0,0.5,0,1","1",""
"","html-keyboard-response","109","109160","0.0-160.0","3BEFOD78W7FPGT6J6LEIZSM1N8VM4F","AYIECNJJDE14Y","3I7KR83SNAZT1REYB2SRC49PCEEK9H","","null","<img src=""img/food3.png"" style=""width:200px;border:14px solid red;"">","null","","","","","","","","","",""
"","image-keyboard-response","110","109353","0.0-162.0","3BEFOD78W7FPGT6J6LEIZSM1N8VM4F","AYIECNJJDE14Y","3I7KR83SNAZT1REYB2SRC49PCEEK9H","","190.19999980926514","img/food6.png","76","192.20000004768372","3","1","false","3","2","1,0.5,0,1,0.5,0,0.5,0,1","1,0.5,0,1,0.5,0,0.5,0,1","1",""
"","html-keyboard-response","111","109656","0.0-163.0","3BEFOD78W7FPGT6J6LEIZSM1N8VM4F","AYIECNJJDE14Y","3I7KR83SNAZT1REYB2SRC49PCEEK9H","","null","<img src=""img/food6.png"" style=""width:200px; border:14px solid green;"">","null","","","","","","","","","",""
"","image-keyboard-response","112","109809","0.0-165.0","3BEFOD78W7FPGT6J6LEIZSM1N8VM4F","AYIECNJJDE14Y","3I7KR83SNAZT1REYB2SRC49PCEEK9H","","152","img/food1.png","76","153.20000004768372","3","0","false","2","2","1,0.5,0,1,0.5,0,0.5,0,1","1,0.5,0,1,0.5,0,0.5,0,1","1",""
"","html-keyboard-response","113","110112","0.0-166.0","3BEFOD78W7FPGT6J6LEIZSM1N8VM4F","AYIECNJJDE14Y","3I7KR83SNAZT1REYB2SRC49PCEEK9H","","null","<img src=""img/food1.png"" style=""width:200px;border:14px solid red;"">","null","","","","","","","","","",""
"","image-keyboard-response","114","110372","0.0-168.0","3BEFOD78W7FPGT6J6LEIZSM1N8VM4F","AYIECNJJDE14Y","3I7KR83SNAZT1REYB2SRC49PCEEK9H","","258.90000009536743","img/food3.png","75","259.7999999523163","2","0","false","1","2","1,0.5,0,1,0.5,0,0.5,0,1","1,0.5,0,1,0.5,0,0.5,0,1","1",""
"","html-keyboard-response","115","110674","0.0-169.0","3BEFOD78W7FPGT6J6LEIZSM1N8VM4F","AYIECNJJDE14Y","3I7KR83SNAZT1REYB2SRC49PCEEK9H","","null","<img src=""img/food3.png"" style=""width:200px;border:14px solid red;"">","null","","","","","","","","","",""
"","image-keyboard-response","116","110708","0.0-171.0","3BEFOD78W7FPGT6J6LEIZSM1N8VM4F","AYIECNJJDE14Y","3I7KR83SNAZT1REYB2SRC49PCEEK9H","","31.09999990463257","img/food3.png","76","33","3","0","false","1","2","1,0.5,0,1,0.5,0,0.5,0,1","1,0.5,0,1,0.5,0,0.5,0,1","1",""
"","html-keyboard-response","117","111012","0.0-172.0","3BEFOD78W7FPGT6J6LEIZSM1N8VM4F","AYIECNJJDE14Y","3I7KR83SNAZT1REYB2SRC49PCEEK9H","","null","<img src=""img/food3.png"" style=""width:200px;border:14px solid red;"">","null","","","","","","","","","",""
"","image-keyboard-response","118","111199","0.0-174.0","3BEFOD78W7FPGT6J6LEIZSM1N8VM4F","AYIECNJJDE14Y","3I7KR83SNAZT1REYB2SRC49PCEEK9H","","186.20000004768372","img/food6.png","76","187.5","3","1","false","3","2","1,0.5,0,1,0.5,0,0.5,0,1","1,0.5,0,1,0.5,0,0.5,0,1","1",""
"","html-keyboard-response","119","111502","0.0-175.0","3BEFOD78W7FPGT6J6LEIZSM1N8VM4F","AYIECNJJDE14Y","3I7KR83SNAZT1REYB2SRC49PCEEK9H","","null","<img src=""img/food6.png"" style=""width:200px; border:14px solid green;"">","null","","","","","","","","","",""
"","image-keyboard-response","120","111725","0.0-177.0","3BEFOD78W7FPGT6J6LEIZSM1N8VM4F","AYIECNJJDE14Y","3I7KR83SNAZT1REYB2SRC49PCEEK9H","","220","img/food3.png","76","222.20000004768372","3","0","false","1","2","1,0.5,0,1,0.5,0,0.5,0,1","1,0.5,0,1,0.5,0,0.5,0,1","1",""
"","html-keyboard-response","121","112029","0.0-178.0","3BEFOD78W7FPGT6J6LEIZSM1N8VM4F","AYIECNJJDE14Y","3I7KR83SNAZT1REYB2SRC49PCEEK9H","","null","<img src=""img/food3.png"" style=""width:200px;border:14px solid red;"">","null","","","","","","","","","",""
"","image-keyboard-response","122","112261","0.0-180.0","3BEFOD78W7FPGT6J6LEIZSM1N8VM4F","AYIECNJJDE14Y","3I7KR83SNAZT1REYB2SRC49PCEEK9H","","228.89999985694885","img/food1.png","76","231","3","0","false","2","2","1,0.5,0,1,0.5,0,0.5,0,1","1,0.5,0,1,0.5,0,0.5,0,1","1",""
"","html-keyboard-response","123","112563","0.0-181.0","3BEFOD78W7FPGT6J6LEIZSM1N8VM4F","AYIECNJJDE14Y","3I7KR83SNAZT1REYB2SRC49PCEEK9H","","null","<img src=""img/food1.png"" style=""width:200px;border:14px solid red;"">","null","","","","","","","","","",""
"","image-keyboard-response","124","112749","0.0-183.0","3BEFOD78W7FPGT6J6LEIZSM1N8VM4F","AYIECNJJDE14Y","3I7KR83SNAZT1REYB2SRC49PCEEK9H","","183.79999995231628","img/food6.png","76","185.29999995231628","3","1","false","3","2","1,0.5,0,1,0.5,0,0.5,0,1","1,0.5,0,1,0.5,0,0.5,0,1","1",""
"","html-keyboard-response","125","113052","0.0-184.0","3BEFOD78W7FPGT6J6LEIZSM1N8VM4F","AYIECNJJDE14Y","3I7KR83SNAZT1REYB2SRC49PCEEK9H","","null","<img src=""img/food6.png"" style=""width:200px; border:14px solid green;"">","null","","","","","","","","","",""
"","image-keyboard-response","126","113235","0.0-186.0","3BEFOD78W7FPGT6J6LEIZSM1N8VM4F","AYIECNJJDE14Y","3I7KR83SNAZT1REYB2SRC49PCEEK9H","","182.39999985694885","img/food6.png","76","183.39999985694885","3","1","false","3","2","1,0.5,0,1,0.5,0,0.5,0,1","1,0.5,0,1,0.5,0,0.5,0,1","1",""
"","html-keyboard-response","127","113538","0.0-187.0","3BEFOD78W7FPGT6J6LEIZSM1N8VM4F","AYIECNJJDE14Y","3I7KR83SNAZT1REYB2SRC49PCEEK9H","","null","<img src=""img/food6.png"" style=""width:200px; border:14px solid green;"">","null","","","","","","","","","",""
"","image-keyboard-response","128","113713","0.0-189.0","3BEFOD78W7FPGT6J6LEIZSM1N8VM4F","AYIECNJJDE14Y","3I7KR83SNAZT1REYB2SRC49PCEEK9H","","173","img/food3.png","76","174.70000004768372","3","0","false","1","2","1,0.5,0,1,0.5,0,0.5,0,1","1,0.5,0,1,0.5,0,0.5,0,1","1",""
"","html-keyboard-response","129","114016","0.0-190.0","3BEFOD78W7FPGT6J6LEIZSM1N8VM4F","AYIECNJJDE14Y","3I7KR83SNAZT1REYB2SRC49PCEEK9H","","null","<img src=""img/food3.png"" style=""width:200px;border:14px solid red;"">","null","","","","","","","","","",""
"","image-keyboard-response","130","114178","0.0-192.0","3BEFOD78W7FPGT6J6LEIZSM1N8VM4F","AYIECNJJDE14Y","3I7KR83SNAZT1REYB2SRC49PCEEK9H","","159.29999995231628","img/food6.png","76","161","3","1","false","3","2","1,0.5,0,1,0.5,0,0.5,0,1","1,0.5,0,1,0.5,0,0.5,0,1","1",""
"","html-keyboard-response","131","114481","0.0-193.0","3BEFOD78W7FPGT6J6LEIZSM1N8VM4F","AYIECNJJDE14Y","3I7KR83SNAZT1REYB2SRC49PCEEK9H","","null","<img src=""img/food6.png"" style=""width:200px; border:14px solid green;"">","null","","","","","","","","","",""
"","image-keyboard-response","132","114642","0.0-195.0","3BEFOD78W7FPGT6J6LEIZSM1N8VM4F","AYIECNJJDE14Y","3I7KR83SNAZT1REYB2SRC49PCEEK9H","","158.70000004768372","img/food3.png","76","160.5","3","0","false","1","2","1,0.5,0,1,0.5,0,0.5,0,1","1,0.5,0,1,0.5,0,0.5,0,1","1",""
"","html-keyboard-response","133","114945","0.0-196.0","3BEFOD78W7FPGT6J6LEIZSM1N8VM4F","AYIECNJJDE14Y","3I7KR83SNAZT1REYB2SRC49PCEEK9H","","null","<img src=""img/food3.png"" style=""width:200px;border:14px solid red;"">","null","","","","","","","","","",""
"","image-keyboard-response","134","115091","0.0-198.0","3BEFOD78W7FPGT6J6LEIZSM1N8VM4F","AYIECNJJDE14Y","3I7KR83SNAZT1REYB2SRC49PCEEK9H","","142.79999995231628","img/food6.png","76","144.59999990463257","3","1","false","3","2","1,0.5,0,1,0.5,0,0.5,0,1","1,0.5,0,1,0.5,0,0.5,0,1","1",""
"","html-keyboard-response","135","115394","0.0-199.0","3BEFOD78W7FPGT6J6LEIZSM1N8VM4F","AYIECNJJDE14Y","3I7KR83SNAZT1REYB2SRC49PCEEK9H","","null","<img src=""img/food6.png"" style=""width:200px; border:14px solid green;"">","null","","","","","","","","","",""
"","image-keyboard-response","136","115593","0.0-201.0","3BEFOD78W7FPGT6J6LEIZSM1N8VM4F","AYIECNJJDE14Y","3I7KR83SNAZT1REYB2SRC49PCEEK9H","","195.70000004768372","img/food3.png","76","197.29999995231628","3","0","false","1","2","1,0.5,0,1,0.5,0,0.5,0,1","1,0.5,0,1,0.5,0,0.5,0,1","1",""
"","html-keyboard-response","137","115897","0.0-202.0","3BEFOD78W7FPGT6J6LEIZSM1N8VM4F","AYIECNJJDE14Y","3I7KR83SNAZT1REYB2SRC49PCEEK9H","","null","<img src=""img/food3.png"" style=""width:200px;border:14px solid red;"">","null","","","","","","","","","",""
"","image-keyboard-response","138","116110","0.0-204.0","3BEFOD78W7FPGT6J6LEIZSM1N8VM4F","AYIECNJJDE14Y","3I7KR83SNAZT1REYB2SRC49PCEEK9H","","211.29999995231628","img/food1.png","76","213","3","0","false","2","2","1,0.5,0,1,0.5,0,0.5,0,1","1,0.5,0,1,0.5,0,0.5,0,1","1",""
"","html-keyboard-response","139","116414","0.0-205.0","3BEFOD78W7FPGT6J6LEIZSM1N8VM4F","AYIECNJJDE14Y","3I7KR83SNAZT1REYB2SRC49PCEEK9H","","null","<img src=""img/food1.png"" style=""width:200px;border:14px solid red;"">","null","","","","","","","","","",""
"","image-keyboard-response","140","116632","0.0-207.0","3BEFOD78W7FPGT6J6LEIZSM1N8VM4F","AYIECNJJDE14Y","3I7KR83SNAZT1REYB2SRC49PCEEK9H","","216.10000014305115","img/food1.png","76","217.20000004768372","3","0","false","2","2","1,0.5,0,1,0.5,0,0.5,0,1","1,0.5,0,1,0.5,0,0.5,0,1","1",""
"","html-keyboard-response","141","116934","0.0-208.0","3BEFOD78W7FPGT6J6LEIZSM1N8VM4F","AYIECNJJDE14Y","3I7KR83SNAZT1REYB2SRC49PCEEK9H","","null","<img src=""img/food1.png"" style=""width:200px;border:14px solid red;"">","null","","","","","","","","","",""
"","image-keyboard-response","142","117116","0.0-210.0","3BEFOD78W7FPGT6J6LEIZSM1N8VM4F","AYIECNJJDE14Y","3I7KR83SNAZT1REYB2SRC49PCEEK9H","","180.59999990463257","img/food1.png","76","182.29999995231628","3","0","false","2","2","1,0.5,0,1,0.5,0,0.5,0,1","1,0.5,0,1,0.5,0,0.5,0,1","1",""
"","html-keyboard-response","143","117419","0.0-211.0","3BEFOD78W7FPGT6J6LEIZSM1N8VM4F","AYIECNJJDE14Y","3I7KR83SNAZT1REYB2SRC49PCEEK9H","","null","<img src=""img/food1.png"" style=""width:200px;border:14px solid red;"">","null","","","","","","","","","",""
"","image-keyboard-response","144","117645","0.0-213.0","3BEFOD78W7FPGT6J6LEIZSM1N8VM4F","AYIECNJJDE14Y","3I7KR83SNAZT1REYB2SRC49PCEEK9H","","222.90000009536743","img/food6.png","76","225.19999980926514","3","1","false","3","2","1,0.5,0,1,0.5,0,0.5,0,1","1,0.5,0,1,0.5,0,0.5,0,1","1",""
"","html-keyboard-response","145","117948","0.0-214.0","3BEFOD78W7FPGT6J6LEIZSM1N8VM4F","AYIECNJJDE14Y","3I7KR83SNAZT1REYB2SRC49PCEEK9H","","null","<img src=""img/food6.png"" style=""width:200px; border:14px solid green;"">","null","","","","","","","","","",""
"","image-keyboard-response","146","118211","0.0-216.0","3BEFOD78W7FPGT6J6LEIZSM1N8VM4F","AYIECNJJDE14Y","3I7KR83SNAZT1REYB2SRC49PCEEK9H","","259.7000000476837","img/food6.png","76","261.5","3","1","false","3","2","1,0.5,0,1,0.5,0,0.5,0,1","1,0.5,0,1,0.5,0,0.5,0,1","1",""
"","html-keyboard-response","147","118514","0.0-217.0","3BEFOD78W7FPGT6J6LEIZSM1N8VM4F","AYIECNJJDE14Y","3I7KR83SNAZT1REYB2SRC49PCEEK9H","","null","<img src=""img/food6.png"" style=""width:200px; border:14px solid green;"">","null","","","","","","","","","",""
"","image-keyboard-response","148","118776","0.0-219.0","3BEFOD78W7FPGT6J6LEIZSM1N8VM4F","AYIECNJJDE14Y","3I7KR83SNAZT1REYB2SRC49PCEEK9H","","260","img/food3.png","74","261.39999985694885","1","1","false","1","2","1,0.5,0,1,0.5,0,0.5,0,1","1,0.5,0,1,0.5,0,0.5,0,1","1",""
"","html-keyboard-response","149","119078","0.0-220.0","3BEFOD78W7FPGT6J6LEIZSM1N8VM4F","AYIECNJJDE14Y","3I7KR83SNAZT1REYB2SRC49PCEEK9H","","null","<img src=""img/food3.png"" style=""width:200px; border:14px solid green;"">","null","","","","","","","","","",""
"","image-keyboard-response","150","119293","0.0-222.0","3BEFOD78W7FPGT6J6LEIZSM1N8VM4F","AYIECNJJDE14Y","3I7KR83SNAZT1REYB2SRC49PCEEK9H","","214.60000014305115","img/food1.png","74","215.40000009536743","1","1","false","2","2","1,0.5,0,1,0.5,0,0.5,0,1","1,0.5,0,1,0.5,0,0.5,0,1","1",""
"","html-keyboard-response","151","119596","0.0-223.0","3BEFOD78W7FPGT6J6LEIZSM1N8VM4F","AYIECNJJDE14Y","3I7KR83SNAZT1REYB2SRC49PCEEK9H","","null","<img src=""img/food1.png"" style=""width:200px; border:14px solid green;"">","null","","","","","","","","","",""
"","image-keyboard-response","152","119868","0.0-225.0","3BEFOD78W7FPGT6J6LEIZSM1N8VM4F","AYIECNJJDE14Y","3I7KR83SNAZT1REYB2SRC49PCEEK9H","","269.59999990463257","img/food3.png","75","271.5","2","0","false","1","2","1,0.5,0,1,0.5,0,0.5,0,1","1,0.5,0,1,0.5,0,0.5,0,1","1",""
"","html-keyboard-response","153","120171","0.0-226.0","3BEFOD78W7FPGT6J6LEIZSM1N8VM4F","AYIECNJJDE14Y","3I7KR83SNAZT1REYB2SRC49PCEEK9H","","null","<img src=""img/food3.png"" style=""width:200px;border:14px solid red;"">","null","","","","","","","","","",""
"","image-keyboard-response","154","120385","0.0-228.0","3BEFOD78W7FPGT6J6LEIZSM1N8VM4F","AYIECNJJDE14Y","3I7KR83SNAZT1REYB2SRC49PCEEK9H","","212","img/food1.png","75","213.59999990463257","2","1","false","2","2","1,0.5,0,1,0.5,0,0.5,0,1","1,0.5,0,1,0.5,0,0.5,0,1","1",""
"","html-keyboard-response","155","120688","0.0-229.0","3BEFOD78W7FPGT6J6LEIZSM1N8VM4F","AYIECNJJDE14Y","3I7KR83SNAZT1REYB2SRC49PCEEK9H","","null","<img src=""img/food1.png"" style=""width:200px; border:14px solid green;"">","null","","","","","","","","","",""
"","image-keyboard-response","156","120990","0.0-231.0","3BEFOD78W7FPGT6J6LEIZSM1N8VM4F","AYIECNJJDE14Y","3I7KR83SNAZT1REYB2SRC49PCEEK9H","","300.2000000476837","img/food1.png","75","302.09999990463257","2","1","false","2","2","1,0.5,0,1,0.5,0,0.5,0,1","1,0.5,0,1,0.5,0,0.5,0,1","1",""
"","html-keyboard-response","157","121293","0.0-232.0","3BEFOD78W7FPGT6J6LEIZSM1N8VM4F","AYIECNJJDE14Y","3I7KR83SNAZT1REYB2SRC49PCEEK9H","","null","<img src=""img/food1.png"" style=""width:200px; border:14px solid green;"">","null","","","","","","","","","",""
"","image-keyboard-response","158","121581","0.0-234.0","3BEFOD78W7FPGT6J6LEIZSM1N8VM4F","AYIECNJJDE14Y","3I7KR83SNAZT1REYB2SRC49PCEEK9H","","284.7999999523163","img/food3.png","75","287","2","1","false","1","2","1,0.5,0,1,0.5,0,0.5,0,1","1,0.5,0,1,0.5,0,0.5,0,1","1",""
"","html-keyboard-response","159","121883","0.0-235.0","3BEFOD78W7FPGT6J6LEIZSM1N8VM4F","AYIECNJJDE14Y","3I7KR83SNAZT1REYB2SRC49PCEEK9H","","null","<img src=""img/food3.png"" style=""width:200px; border:14px solid green;"">","null","","","","","","","","","",""
"","image-keyboard-response","160","122121","0.0-237.0","3BEFOD78W7FPGT6J6LEIZSM1N8VM4F","AYIECNJJDE14Y","3I7KR83SNAZT1REYB2SRC49PCEEK9H","","237.10000014305115","img/food6.png","75","238.20000004768372","2","0","false","3","2","1,0.5,0,1,0.5,0,0.5,0,1","1,0.5,0,1,0.5,0,0.5,0,1","1",""
"","html-keyboard-response","161","122424","0.0-238.0","3BEFOD78W7FPGT6J6LEIZSM1N8VM4F","AYIECNJJDE14Y","3I7KR83SNAZT1REYB2SRC49PCEEK9H","","null","<img src=""img/food6.png"" style=""width:200px;border:14px solid red;"">","null","","","","","","","","","",""
"","image-keyboard-response","162","122684","0.0-240.0","3BEFOD78W7FPGT6J6LEIZSM1N8VM4F","AYIECNJJDE14Y","3I7KR83SNAZT1REYB2SRC49PCEEK9H","","257.90000009536743","img/food3.png","75","259.59999990463257","2","1","false","1","2","1,0.5,0,1,0.5,0,0.5,0,1","1,0.5,0,1,0.5,0,0.5,0,1","1",""
"","html-keyboard-response","163","122987","0.0-241.0","3BEFOD78W7FPGT6J6LEIZSM1N8VM4F","AYIECNJJDE14Y","3I7KR83SNAZT1REYB2SRC49PCEEK9H","","null","<img src=""img/food3.png"" style=""width:200px; border:14px solid green;"">","null","","","","","","","","","",""
"","image-keyboard-response","164","123191","0.0-243.0","3BEFOD78W7FPGT6J6LEIZSM1N8VM4F","AYIECNJJDE14Y","3I7KR83SNAZT1REYB2SRC49PCEEK9H","","201.59999990463257","img/food3.png","75","203.5","2","1","false","1","2","1,0.5,0,1,0.5,0,0.5,0,1","1,0.5,0,1,0.5,0,0.5,0,1","1",""
"","html-keyboard-response","165","123493","0.0-244.0","3BEFOD78W7FPGT6J6LEIZSM1N8VM4F","AYIECNJJDE14Y","3I7KR83SNAZT1REYB2SRC49PCEEK9H","","null","<img src=""img/food3.png"" style=""width:200px; border:14px solid green;"">","null","","","","","","","","","",""
"","image-keyboard-response","166","123732","0.0-246.0","3BEFOD78W7FPGT6J6LEIZSM1N8VM4F","AYIECNJJDE14Y","3I7KR83SNAZT1REYB2SRC49PCEEK9H","","236.89999985694885","img/food3.png","75","238.40000009536743","2","1","false","1","2","1,0.5,0,1,0.5,0,0.5,0,1","1,0.5,0,1,0.5,0,0.5,0,1","1",""
"","html-keyboard-response","167","124036","0.0-247.0","3BEFOD78W7FPGT6J6LEIZSM1N8VM4F","AYIECNJJDE14Y","3I7KR83SNAZT1REYB2SRC49PCEEK9H","","null","<img src=""img/food3.png"" style=""width:200px; border:14px solid green;"">","null","","","","","","","","","",""
"","image-keyboard-response","168","124230","0.0-249.0","3BEFOD78W7FPGT6J6LEIZSM1N8VM4F","AYIECNJJDE14Y","3I7KR83SNAZT1REYB2SRC49PCEEK9H","","192","img/food3.png","75","193.90000009536743","2","0","false","1","2","1,0.5,0,1,0.5,0,0.5,0,1","1,0.5,0,1,0.5,0,0.5,0,1","1",""
"","html-keyboard-response","169","124533","0.0-250.0","3BEFOD78W7FPGT6J6LEIZSM1N8VM4F","AYIECNJJDE14Y","3I7KR83SNAZT1REYB2SRC49PCEEK9H","","null","<img src=""img/food3.png"" style=""width:200px;border:14px solid red;"">","null","","","","","","","","","",""
"","image-keyboard-response","170","124737","0.0-252.0","3BEFOD78W7FPGT6J6LEIZSM1N8VM4F","AYIECNJJDE14Y","3I7KR83SNAZT1REYB2SRC49PCEEK9H","","201.30000019073486","img/food3.png","75","203.29999995231628","2","1","false","1","2","1,0.5,0,1,0.5,0,0.5,0,1","1,0.5,0,1,0.5,0,0.5,0,1","1",""
"","html-keyboard-response","171","125040","0.0-253.0","3BEFOD78W7FPGT6J6LEIZSM1N8VM4F","AYIECNJJDE14Y","3I7KR83SNAZT1REYB2SRC49PCEEK9H","","null","<img src=""img/food3.png"" style=""width:200px; border:14px solid green;"">","null","","","","","","","","","",""
"","image-keyboard-response","172","125188","0.0-255.0","3BEFOD78W7FPGT6J6LEIZSM1N8VM4F","AYIECNJJDE14Y","3I7KR83SNAZT1REYB2SRC49PCEEK9H","","145.29999995231628","img/food3.png","75","146.70000004768372","2","1","false","1","2","1,0.5,0,1,0.5,0,0.5,0,1","1,0.5,0,1,0.5,0,0.5,0,1","1",""
"","html-keyboard-response","173","125489","0.0-256.0","3BEFOD78W7FPGT6J6LEIZSM1N8VM4F","AYIECNJJDE14Y","3I7KR83SNAZT1REYB2SRC49PCEEK9H","","null","<img src=""img/food3.png"" style=""width:200px; border:14px solid green;"">","null","","","","","","","","","",""
"","image-keyboard-response","174","125694","0.0-258.0","3BEFOD78W7FPGT6J6LEIZSM1N8VM4F","AYIECNJJDE14Y","3I7KR83SNAZT1REYB2SRC49PCEEK9H","","203.5","img/food1.png","75","204.79999995231628","2","1","false","2","2","1,0.5,0,1,0.5,0,0.5,0,1","1,0.5,0,1,0.5,0,0.5,0,1","1",""
"","html-keyboard-response","175","125997","0.0-259.0","3BEFOD78W7FPGT6J6LEIZSM1N8VM4F","AYIECNJJDE14Y","3I7KR83SNAZT1REYB2SRC49PCEEK9H","","null","<img src=""img/food1.png"" style=""width:200px; border:14px solid green;"">","null","","","","","","","","","",""
"","image-keyboard-response","176","126233","0.0-261.0","3BEFOD78W7FPGT6J6LEIZSM1N8VM4F","AYIECNJJDE14Y","3I7KR83SNAZT1REYB2SRC49PCEEK9H","","233.5","img/food6.png","75","235.19999980926514","2","0","false","3","2","1,0.5,0,1,0.5,0,0.5,0,1","1,0.5,0,1,0.5,0,0.5,0,1","1",""
"","html-keyboard-response","177","126537","0.0-262.0","3BEFOD78W7FPGT6J6LEIZSM1N8VM4F","AYIECNJJDE14Y","3I7KR83SNAZT1REYB2SRC49PCEEK9H","","null","<img src=""img/food6.png"" style=""width:200px;border:14px solid red;"">","null","","","","","","","","","",""
"","image-keyboard-response","178","126731","0.0-264.0","3BEFOD78W7FPGT6J6LEIZSM1N8VM4F","AYIECNJJDE14Y","3I7KR83SNAZT1REYB2SRC49PCEEK9H","","191.89999985694885","img/food1.png","75","193.90000009536743","2","0","false","2","2","1,0.5,0,1,0.5,0,0.5,0,1","1,0.5,0,1,0.5,0,0.5,0,1","1",""
"","html-keyboard-response","179","127046","0.0-265.0","3BEFOD78W7FPGT6J6LEIZSM1N8VM4F","AYIECNJJDE14Y","3I7KR83SNAZT1REYB2SRC49PCEEK9H","","null","<img src=""img/food1.png"" style=""width:200px;border:14px solid red;"">","null","","","","","","","","","",""
"","image-keyboard-response","180","127261","0.0-267.0","3BEFOD78W7FPGT6J6LEIZSM1N8VM4F","AYIECNJJDE14Y","3I7KR83SNAZT1REYB2SRC49PCEEK9H","","212.90000009536743","img/food6.png","75","214.19999980926514","2","0","false","3","2","1,0.5,0,1,0.5,0,0.5,0,1","1,0.5,0,1,0.5,0,0.5,0,1","1",""
"","html-keyboard-response","181","127577","0.0-268.0","3BEFOD78W7FPGT6J6LEIZSM1N8VM4F","AYIECNJJDE14Y","3I7KR83SNAZT1REYB2SRC49PCEEK9H","","null","<img src=""img/food6.png"" style=""width:200px;border:14px solid red;"">","null","","","","","","","","","",""
"","image-keyboard-response","182","127802","0.0-270.0","3BEFOD78W7FPGT6J6LEIZSM1N8VM4F","AYIECNJJDE14Y","3I7KR83SNAZT1REYB2SRC49PCEEK9H","","222.59999990463257","img/food3.png","75","224.60000014305115","2","1","false","1","2","1,0.5,0,1,0.5,0,0.5,0,1","1,0.5,0,1,0.5,0,0.5,0,1","1",""
"","html-keyboard-response","183","128105","0.0-271.0","3BEFOD78W7FPGT6J6LEIZSM1N8VM4F","AYIECNJJDE14Y","3I7KR83SNAZT1REYB2SRC49PCEEK9H","","null","<img src=""img/food3.png"" style=""width:200px; border:14px solid green;"">","null","","","","","","","","","",""
"","instructions","184","147237","0.0-273.0","3BEFOD78W7FPGT6J6LEIZSM1N8VM4F","AYIECNJJDE14Y","3I7KR83SNAZT1REYB2SRC49PCEEK9H","[{""page_index"":0,""viewing_time"":17722.60000014305},{""page_index"":1,""viewing_time"":1407.7999999523163}]","19131.200000047684","","","","","","","","","","","",""
"","image-keyboard-response","185","149354","0.0-274.0","3BEFOD78W7FPGT6J6LEIZSM1N8VM4F","AYIECNJJDE14Y","3I7KR83SNAZT1REYB2SRC49PCEEK9H","","2114.2000000476837","img/food2.png","74","2116.7000000476837","1","0","","3","1","1,0.5,0,1,0.5,0,0.5,0,1","0.5,0,1,0.5,0,1,0,1,0.5","2",""
"","html-keyboard-response","186","149657","0.0-275.0","3BEFOD78W7FPGT6J6LEIZSM1N8VM4F","AYIECNJJDE14Y","3I7KR83SNAZT1REYB2SRC49PCEEK9H","","null","<img src=""img/food2.png"" style=""width:200px;border:14px solid red;"">","null","","","","","","","","","",""
"","image-keyboard-response","187","149705","0.0-276.0","3BEFOD78W7FPGT6J6LEIZSM1N8VM4F","AYIECNJJDE14Y","3I7KR83SNAZT1REYB2SRC49PCEEK9H","","45","img/food5.png","75","46.799999952316284","2","0","","2","1","1,0.5,0,1,0.5,0,0.5,0,1","0.5,0,1,0.5,0,1,0,1,0.5","2",""
"","html-keyboard-response","188","150007","0.0-277.0","3BEFOD78W7FPGT6J6LEIZSM1N8VM4F","AYIECNJJDE14Y","3I7KR83SNAZT1REYB2SRC49PCEEK9H","","null","<img src=""img/food5.png"" style=""width:200px;border:14px solid red;"">","null","","","","","","","","","",""
"","image-keyboard-response","189","150309","0.0-278.0","3BEFOD78W7FPGT6J6LEIZSM1N8VM4F","AYIECNJJDE14Y","3I7KR83SNAZT1REYB2SRC49PCEEK9H","","299.60000014305115","img/food2.png","75","301.2000000476837","2","1","","3","1","1,0.5,0,1,0.5,0,0.5,0,1","0.5,0,1,0.5,0,1,0,1,0.5","2",""
"","html-keyboard-response","190","150612","0.0-279.0","3BEFOD78W7FPGT6J6LEIZSM1N8VM4F","AYIECNJJDE14Y","3I7KR83SNAZT1REYB2SRC49PCEEK9H","","null","<img src=""img/food2.png"" style=""width:200px; border:14px solid green;"">","null","","","","","","","","","",""
"","image-keyboard-response","191","150930","0.0-280.0","3BEFOD78W7FPGT6J6LEIZSM1N8VM4F","AYIECNJJDE14Y","3I7KR83SNAZT1REYB2SRC49PCEEK9H","","315.7000000476837","img/food4.png","76","317.5","3","1","","1","1","1,0.5,0,1,0.5,0,0.5,0,1","0.5,0,1,0.5,0,1,0,1,0.5","2",""
"","html-keyboard-response","192","151233","0.0-281.0","3BEFOD78W7FPGT6J6LEIZSM1N8VM4F","AYIECNJJDE14Y","3I7KR83SNAZT1REYB2SRC49PCEEK9H","","null","<img src=""img/food4.png"" style=""width:200px; border:14px solid green;"">","null","","","","","","","","","",""
"","image-keyboard-response","193","151244","0.0-282.0","3BEFOD78W7FPGT6J6LEIZSM1N8VM4F","AYIECNJJDE14Y","3I7KR83SNAZT1REYB2SRC49PCEEK9H","","9.799999952316284","img/food4.png","76","10.599999904632568","3","1","","1","1","1,0.5,0,1,0.5,0,0.5,0,1","0.5,0,1,0.5,0,1,0,1,0.5","2",""
"","html-keyboard-response","194","151546","0.0-283.0","3BEFOD78W7FPGT6J6LEIZSM1N8VM4F","AYIECNJJDE14Y","3I7KR83SNAZT1REYB2SRC49PCEEK9H","","null","<img src=""img/food4.png"" style=""width:200px; border:14px solid green;"">","null","","","","","","","","","",""
"","image-keyboard-response","195","151599","0.0-284.0","3BEFOD78W7FPGT6J6LEIZSM1N8VM4F","AYIECNJJDE14Y","3I7KR83SNAZT1REYB2SRC49PCEEK9H","","52.19999980926514","img/food4.png","76","52.90000009536743","3","1","","1","1","1,0.5,0,1,0.5,0,0.5,0,1","0.5,0,1,0.5,0,1,0,1,0.5","2",""
"","html-keyboard-response","196","151900","0.0-285.0","3BEFOD78W7FPGT6J6LEIZSM1N8VM4F","AYIECNJJDE14Y","3I7KR83SNAZT1REYB2SRC49PCEEK9H","","null","<img src=""img/food4.png"" style=""width:200px; border:14px solid green;"">","null","","","","","","","","","",""
"","image-keyboard-response","197","152214","0.0-286.0","3BEFOD78W7FPGT6J6LEIZSM1N8VM4F","AYIECNJJDE14Y","3I7KR83SNAZT1REYB2SRC49PCEEK9H","","313.09999990463257","img/food4.png","76","314.09999990463257","3","1","","1","1","1,0.5,0,1,0.5,0,0.5,0,1","0.5,0,1,0.5,0,1,0,1,0.5","2",""
"","html-keyboard-response","198","152517","0.0-287.0","3BEFOD78W7FPGT6J6LEIZSM1N8VM4F","AYIECNJJDE14Y","3I7KR83SNAZT1REYB2SRC49PCEEK9H","","null","<img src=""img/food4.png"" style=""width:200px; border:14px solid green;"">","null","","","","","","","","","",""
"","image-keyboard-response","199","152535","0.0-288.0","3BEFOD78W7FPGT6J6LEIZSM1N8VM4F","AYIECNJJDE14Y","3I7KR83SNAZT1REYB2SRC49PCEEK9H","","15.900000095367432","img/food4.png","76","17.59999990463257","3","1","","1","1","1,0.5,0,1,0.5,0,0.5,0,1","0.5,0,1,0.5,0,1,0,1,0.5","2",""
"","html-keyboard-response","200","152837","0.0-289.0","3BEFOD78W7FPGT6J6LEIZSM1N8VM4F","AYIECNJJDE14Y","3I7KR83SNAZT1REYB2SRC49PCEEK9H","","null","<img src=""img/food4.png"" style=""width:200px; border:14px solid green;"">","null","","","","","","","","","",""
"","image-keyboard-response","201","153132","0.0-290.0","3BEFOD78W7FPGT6J6LEIZSM1N8VM4F","AYIECNJJDE14Y","3I7KR83SNAZT1REYB2SRC49PCEEK9H","","293.69999980926514","img/food5.png","76","294.7000000476837","3","1","","2","1","1,0.5,0,1,0.5,0,0.5,0,1","0.5,0,1,0.5,0,1,0,1,0.5","2",""
"","html-keyboard-response","202","153438","0.0-291.0","3BEFOD78W7FPGT6J6LEIZSM1N8VM4F","AYIECNJJDE14Y","3I7KR83SNAZT1REYB2SRC49PCEEK9H","","null","<img src=""img/food5.png"" style=""width:200px; border:14px solid green;"">","null","","","","","","","","","",""
"","image-keyboard-response","203","153444","0.0-292.0","3BEFOD78W7FPGT6J6LEIZSM1N8VM4F","AYIECNJJDE14Y","3I7KR83SNAZT1REYB2SRC49PCEEK9H","","3.8999998569488525","img/food2.png","76","5.199999809265137","3","0","","3","1","1,0.5,0,1,0.5,0,0.5,0,1","0.5,0,1,0.5,0,1,0,1,0.5","2",""
"","html-keyboard-response","204","153746","0.0-293.0","3BEFOD78W7FPGT6J6LEIZSM1N8VM4F","AYIECNJJDE14Y","3I7KR83SNAZT1REYB2SRC49PCEEK9H","","null","<img src=""img/food2.png"" style=""width:200px;border:14px solid red;"">","null","","","","","","","","","",""
"","image-keyboard-response","205","153948","0.0-294.0","3BEFOD78W7FPGT6J6LEIZSM1N8VM4F","AYIECNJJDE14Y","3I7KR83SNAZT1REYB2SRC49PCEEK9H","","199","img/food2.png","76","200.69999980926514","3","1","","3","1","1,0.5,0,1,0.5,0,0.5,0,1","0.5,0,1,0.5,0,1,0,1,0.5","2",""
"","html-keyboard-response","206","154250","0.0-295.0","3BEFOD78W7FPGT6J6LEIZSM1N8VM4F","AYIECNJJDE14Y","3I7KR83SNAZT1REYB2SRC49PCEEK9H","","null","<img src=""img/food2.png"" style=""width:200px; border:14px solid green;"">","null","","","","","","","","","",""
"","image-keyboard-response","207","154453","0.0-296.0","3BEFOD78W7FPGT6J6LEIZSM1N8VM4F","AYIECNJJDE14Y","3I7KR83SNAZT1REYB2SRC49PCEEK9H","","200.59999990463257","img/food2.png","76","202.40000009536743","3","1","","3","1","1,0.5,0,1,0.5,0,0.5,0,1","0.5,0,1,0.5,0,1,0,1,0.5","2",""
"","html-keyboard-response","208","154756","0.0-297.0","3BEFOD78W7FPGT6J6LEIZSM1N8VM4F","AYIECNJJDE14Y","3I7KR83SNAZT1REYB2SRC49PCEEK9H","","null","<img src=""img/food2.png"" style=""width:200px; border:14px solid green;"">","null","","","","","","","","","",""
"","image-keyboard-response","209","154922","0.0-298.0","3BEFOD78W7FPGT6J6LEIZSM1N8VM4F","AYIECNJJDE14Y","3I7KR83SNAZT1REYB2SRC49PCEEK9H","","164.30000019073486","img/food4.png","76","166.20000004768372","3","1","","1","1","1,0.5,0,1,0.5,0,0.5,0,1","0.5,0,1,0.5,0,1,0,1,0.5","2",""
"","html-keyboard-response","210","155225","0.0-299.0","3BEFOD78W7FPGT6J6LEIZSM1N8VM4F","AYIECNJJDE14Y","3I7KR83SNAZT1REYB2SRC49PCEEK9H","","null","<img src=""img/food4.png"" style=""width:200px; border:14px solid green;"">","null","","","","","","","","","",""
"","image-keyboard-response","211","155412","0.0-300.0","3BEFOD78W7FPGT6J6LEIZSM1N8VM4F","AYIECNJJDE14Y","3I7KR83SNAZT1REYB2SRC49PCEEK9H","","184.39999985694885","img/food2.png","76","186.29999995231628","3","0","","3","1","1,0.5,0,1,0.5,0,0.5,0,1","0.5,0,1,0.5,0,1,0,1,0.5","2",""
"","html-keyboard-response","212","155716","0.0-301.0","3BEFOD78W7FPGT6J6LEIZSM1N8VM4F","AYIECNJJDE14Y","3I7KR83SNAZT1REYB2SRC49PCEEK9H","","null","<img src=""img/food2.png"" style=""width:200px;border:14px solid red;"">","null","","","","","","","","","",""
"","image-keyboard-response","213","155892","0.0-302.0","3BEFOD78W7FPGT6J6LEIZSM1N8VM4F","AYIECNJJDE14Y","3I7KR83SNAZT1REYB2SRC49PCEEK9H","","173.90000009536743","img/food2.png","76","175.79999995231628","3","0","","3","1","1,0.5,0,1,0.5,0,0.5,0,1","0.5,0,1,0.5,0,1,0,1,0.5","2",""
"","html-keyboard-response","214","156194","0.0-303.0","3BEFOD78W7FPGT6J6LEIZSM1N8VM4F","AYIECNJJDE14Y","3I7KR83SNAZT1REYB2SRC49PCEEK9H","","null","<img src=""img/food2.png"" style=""width:200px;border:14px solid red;"">","null","","","","","","","","","",""
"","image-keyboard-response","215","156346","0.0-304.0","3BEFOD78W7FPGT6J6LEIZSM1N8VM4F","AYIECNJJDE14Y","3I7KR83SNAZT1REYB2SRC49PCEEK9H","","150.90000009536743","img/food4.png","76","151.70000004768372","3","1","","1","1","1,0.5,0,1,0.5,0,0.5,0,1","0.5,0,1,0.5,0,1,0,1,0.5","2",""
"","html-keyboard-response","216","156648","0.0-305.0","3BEFOD78W7FPGT6J6LEIZSM1N8VM4F","AYIECNJJDE14Y","3I7KR83SNAZT1REYB2SRC49PCEEK9H","","null","<img src=""img/food4.png"" style=""width:200px; border:14px solid green;"">","null","","","","","","","","","",""
"","image-keyboard-response","217","156813","0.0-306.0","3BEFOD78W7FPGT6J6LEIZSM1N8VM4F","AYIECNJJDE14Y","3I7KR83SNAZT1REYB2SRC49PCEEK9H","","162.59999990463257","img/food4.png","76","164.20000004768372","3","1","","1","1","1,0.5,0,1,0.5,0,0.5,0,1","0.5,0,1,0.5,0,1,0,1,0.5","2",""
"","html-keyboard-response","218","157117","0.0-307.0","3BEFOD78W7FPGT6J6LEIZSM1N8VM4F","AYIECNJJDE14Y","3I7KR83SNAZT1REYB2SRC49PCEEK9H","","null","<img src=""img/food4.png"" style=""width:200px; border:14px solid green;"">","null","","","","","","","","","",""
"","image-keyboard-response","219","157271","0.0-308.0","3BEFOD78W7FPGT6J6LEIZSM1N8VM4F","AYIECNJJDE14Y","3I7KR83SNAZT1REYB2SRC49PCEEK9H","","152.5","img/food5.png","76","153.70000004768372","3","1","","2","1","1,0.5,0,1,0.5,0,0.5,0,1","0.5,0,1,0.5,0,1,0,1,0.5","2",""
"","html-keyboard-response","220","157573","0.0-309.0","3BEFOD78W7FPGT6J6LEIZSM1N8VM4F","AYIECNJJDE14Y","3I7KR83SNAZT1REYB2SRC49PCEEK9H","","null","<img src=""img/food5.png"" style=""width:200px; border:14px solid green;"">","null","","","","","","","","","",""
"","image-keyboard-response","221","157740","0.0-310.0","3BEFOD78W7FPGT6J6LEIZSM1N8VM4F","AYIECNJJDE14Y","3I7KR83SNAZT1REYB2SRC49PCEEK9H","","165.80000019073486","img/food5.png","76","167.29999995231628","3","1","","2","1","1,0.5,0,1,0.5,0,0.5,0,1","0.5,0,1,0.5,0,1,0,1,0.5","2",""
"","html-keyboard-response","222","158044","0.0-311.0","3BEFOD78W7FPGT6J6LEIZSM1N8VM4F","AYIECNJJDE14Y","3I7KR83SNAZT1REYB2SRC49PCEEK9H","","null","<img src=""img/food5.png"" style=""width:200px; border:14px solid green;"">","null","","","","","","","","","",""
"","image-keyboard-response","223","158184","0.0-312.0","3BEFOD78W7FPGT6J6LEIZSM1N8VM4F","AYIECNJJDE14Y","3I7KR83SNAZT1REYB2SRC49PCEEK9H","","137.90000009536743","img/food2.png","76","139.70000004768372","3","0","","3","1","1,0.5,0,1,0.5,0,0.5,0,1","0.5,0,1,0.5,0,1,0,1,0.5","2",""
"","html-keyboard-response","224","158487","0.0-313.0","3BEFOD78W7FPGT6J6LEIZSM1N8VM4F","AYIECNJJDE14Y","3I7KR83SNAZT1REYB2SRC49PCEEK9H","","null","<img src=""img/food2.png"" style=""width:200px;border:14px solid red;"">","null","","","","","","","","","",""
"","image-keyboard-response","225","158616","0.0-314.0","3BEFOD78W7FPGT6J6LEIZSM1N8VM4F","AYIECNJJDE14Y","3I7KR83SNAZT1REYB2SRC49PCEEK9H","","126.59999990463257","img/food4.png","76","128.19999980926514","3","1","","1","1","1,0.5,0,1,0.5,0,0.5,0,1","0.5,0,1,0.5,0,1,0,1,0.5","2",""
"","html-keyboard-response","226","158918","0.0-315.0","3BEFOD78W7FPGT6J6LEIZSM1N8VM4F","AYIECNJJDE14Y","3I7KR83SNAZT1REYB2SRC49PCEEK9H","","null","<img src=""img/food4.png"" style=""width:200px; border:14px solid green;"">","null","","","","","","","","","",""
"","image-keyboard-response","227","159036","0.0-316.0","3BEFOD78W7FPGT6J6LEIZSM1N8VM4F","AYIECNJJDE14Y","3I7KR83SNAZT1REYB2SRC49PCEEK9H","","116.29999995231628","img/food5.png","76","118.40000009536743","3","1","","2","1","1,0.5,0,1,0.5,0,0.5,0,1","0.5,0,1,0.5,0,1,0,1,0.5","2",""
"","html-keyboard-response","228","159340","0.0-317.0","3BEFOD78W7FPGT6J6LEIZSM1N8VM4F","AYIECNJJDE14Y","3I7KR83SNAZT1REYB2SRC49PCEEK9H","","null","<img src=""img/food5.png"" style=""width:200px; border:14px solid green;"">","null","","","","","","","","","",""
"","image-keyboard-response","229","159462","0.0-318.0","3BEFOD78W7FPGT6J6LEIZSM1N8VM4F","AYIECNJJDE14Y","3I7KR83SNAZT1REYB2SRC49PCEEK9H","","119.20000004768372","img/food2.png","76","121.29999995231628","3","1","","3","1","1,0.5,0,1,0.5,0,0.5,0,1","0.5,0,1,0.5,0,1,0,1,0.5","2",""
"","html-keyboard-response","230","159765","0.0-319.0","3BEFOD78W7FPGT6J6LEIZSM1N8VM4F","AYIECNJJDE14Y","3I7KR83SNAZT1REYB2SRC49PCEEK9H","","null","<img src=""img/food2.png"" style=""width:200px; border:14px solid green;"">","null","","","","","","","","","",""
"","image-keyboard-response","231","159898","0.0-320.0","3BEFOD78W7FPGT6J6LEIZSM1N8VM4F","AYIECNJJDE14Y","3I7KR83SNAZT1REYB2SRC49PCEEK9H","","130.09999990463257","img/food2.png","76","131.90000009536743","3","1","","3","1","1,0.5,0,1,0.5,0,0.5,0,1","0.5,0,1,0.5,0,1,0,1,0.5","2",""
"","html-keyboard-response","232","160201","0.0-321.0","3BEFOD78W7FPGT6J6LEIZSM1N8VM4F","AYIECNJJDE14Y","3I7KR83SNAZT1REYB2SRC49PCEEK9H","","null","<img src=""img/food2.png"" style=""width:200px; border:14px solid green;"">","null","","","","","","","","","",""
"","image-keyboard-response","233","160307","0.0-322.0","3BEFOD78W7FPGT6J6LEIZSM1N8VM4F","AYIECNJJDE14Y","3I7KR83SNAZT1REYB2SRC49PCEEK9H","","104","img/food5.png","76","105.60000014305115","3","1","","2","1","1,0.5,0,1,0.5,0,0.5,0,1","0.5,0,1,0.5,0,1,0,1,0.5","2",""
"","html-keyboard-response","234","160609","0.0-323.0","3BEFOD78W7FPGT6J6LEIZSM1N8VM4F","AYIECNJJDE14Y","3I7KR83SNAZT1REYB2SRC49PCEEK9H","","null","<img src=""img/food5.png"" style=""width:200px; border:14px solid green;"">","null","","","","","","","","","",""
"","image-keyboard-response","235","160750","0.0-324.0","3BEFOD78W7FPGT6J6LEIZSM1N8VM4F","AYIECNJJDE14Y","3I7KR83SNAZT1REYB2SRC49PCEEK9H","","138.40000009536743","img/food5.png","76","140.29999995231628","3","1","","2","1","1,0.5,0,1,0.5,0,0.5,0,1","0.5,0,1,0.5,0,1,0,1,0.5","2",""
"","html-keyboard-response","236","161053","0.0-325.0","3BEFOD78W7FPGT6J6LEIZSM1N8VM4F","AYIECNJJDE14Y","3I7KR83SNAZT1REYB2SRC49PCEEK9H","","null","<img src=""img/food5.png"" style=""width:200px; border:14px solid green;"">","null","","","","","","","","","",""
"","image-keyboard-response","237","161196","0.0-326.0","3BEFOD78W7FPGT6J6LEIZSM1N8VM4F","AYIECNJJDE14Y","3I7KR83SNAZT1REYB2SRC49PCEEK9H","","141.39999985694885","img/food4.png","76","142.09999990463257","3","1","","1","1","1,0.5,0,1,0.5,0,0.5,0,1","0.5,0,1,0.5,0,1,0,1,0.5","2",""
"","html-keyboard-response","238","161497","0.0-327.0","3BEFOD78W7FPGT6J6LEIZSM1N8VM4F","AYIECNJJDE14Y","3I7KR83SNAZT1REYB2SRC49PCEEK9H","","null","<img src=""img/food4.png"" style=""width:200px; border:14px solid green;"">","null","","","","","","","","","",""
"","image-keyboard-response","239","161628","0.0-328.0","3BEFOD78W7FPGT6J6LEIZSM1N8VM4F","AYIECNJJDE14Y","3I7KR83SNAZT1REYB2SRC49PCEEK9H","","129","img/food2.png","76","130.20000004768372","3","1","","3","1","1,0.5,0,1,0.5,0,0.5,0,1","0.5,0,1,0.5,0,1,0,1,0.5","2",""
"","html-keyboard-response","240","161931","0.0-329.0","3BEFOD78W7FPGT6J6LEIZSM1N8VM4F","AYIECNJJDE14Y","3I7KR83SNAZT1REYB2SRC49PCEEK9H","","null","<img src=""img/food2.png"" style=""width:200px; border:14px solid green;"">","null","","","","","","","","","",""
"","image-keyboard-response","241","162086","0.0-330.0","3BEFOD78W7FPGT6J6LEIZSM1N8VM4F","AYIECNJJDE14Y","3I7KR83SNAZT1REYB2SRC49PCEEK9H","","152.70000004768372","img/food5.png","76","154.20000004768372","3","1","","2","1","1,0.5,0,1,0.5,0,0.5,0,1","0.5,0,1,0.5,0,1,0,1,0.5","2",""
"","html-keyboard-response","242","162388","0.0-331.0","3BEFOD78W7FPGT6J6LEIZSM1N8VM4F","AYIECNJJDE14Y","3I7KR83SNAZT1REYB2SRC49PCEEK9H","","null","<img src=""img/food5.png"" style=""width:200px; border:14px solid green;"">","null","","","","","","","","","",""
"","image-keyboard-response","243","162552","0.0-332.0","3BEFOD78W7FPGT6J6LEIZSM1N8VM4F","AYIECNJJDE14Y","3I7KR83SNAZT1REYB2SRC49PCEEK9H","","161","img/food2.png","76","163","3","1","","3","1","1,0.5,0,1,0.5,0,0.5,0,1","0.5,0,1,0.5,0,1,0,1,0.5","2",""
"","html-keyboard-response","244","162855","0.0-333.0","3BEFOD78W7FPGT6J6LEIZSM1N8VM4F","AYIECNJJDE14Y","3I7KR83SNAZT1REYB2SRC49PCEEK9H","","null","<img src=""img/food2.png"" style=""width:200px; border:14px solid green;"">","null","","","","","","","","","",""
"","image-keyboard-response","245","163003","0.0-334.0","3BEFOD78W7FPGT6J6LEIZSM1N8VM4F","AYIECNJJDE14Y","3I7KR83SNAZT1REYB2SRC49PCEEK9H","","145.79999995231628","img/food2.png","76","147.79999995231628","3","1","","3","1","1,0.5,0,1,0.5,0,0.5,0,1","0.5,0,1,0.5,0,1,0,1,0.5","2",""
"","html-keyboard-response","246","163307","0.0-335.0","3BEFOD78W7FPGT6J6LEIZSM1N8VM4F","AYIECNJJDE14Y","3I7KR83SNAZT1REYB2SRC49PCEEK9H","","null","<img src=""img/food2.png"" style=""width:200px; border:14px solid green;"">","null","","","","","","","","","",""
"","image-keyboard-response","247","163448","0.0-336.0","3BEFOD78W7FPGT6J6LEIZSM1N8VM4F","AYIECNJJDE14Y","3I7KR83SNAZT1REYB2SRC49PCEEK9H","","139.09999990463257","img/food4.png","76","141","3","1","","1","1","1,0.5,0,1,0.5,0,0.5,0,1","0.5,0,1,0.5,0,1,0,1,0.5","2",""
"","html-keyboard-response","248","163751","0.0-337.0","3BEFOD78W7FPGT6J6LEIZSM1N8VM4F","AYIECNJJDE14Y","3I7KR83SNAZT1REYB2SRC49PCEEK9H","","null","<img src=""img/food4.png"" style=""width:200px; border:14px solid green;"">","null","","","","","","","","","",""
"","image-keyboard-response","249","163902","0.0-338.0","3BEFOD78W7FPGT6J6LEIZSM1N8VM4F","AYIECNJJDE14Y","3I7KR83SNAZT1REYB2SRC49PCEEK9H","","147.70000004768372","img/food2.png","76","149.89999985694885","3","0","","3","1","1,0.5,0,1,0.5,0,0.5,0,1","0.5,0,1,0.5,0,1,0,1,0.5","2",""
"","html-keyboard-response","250","164206","0.0-339.0","3BEFOD78W7FPGT6J6LEIZSM1N8VM4F","AYIECNJJDE14Y","3I7KR83SNAZT1REYB2SRC49PCEEK9H","","null","<img src=""img/food2.png"" style=""width:200px;border:14px solid red;"">","null","","","","","","","","","",""
"","image-keyboard-response","251","164348","0.0-340.0","3BEFOD78W7FPGT6J6LEIZSM1N8VM4F","AYIECNJJDE14Y","3I7KR83SNAZT1REYB2SRC49PCEEK9H","","140.5","img/food4.png","76","141.79999995231628","3","1","","1","1","1,0.5,0,1,0.5,0,0.5,0,1","0.5,0,1,0.5,0,1,0,1,0.5","2",""
"","html-keyboard-response","252","164651","0.0-341.0","3BEFOD78W7FPGT6J6LEIZSM1N8VM4F","AYIECNJJDE14Y","3I7KR83SNAZT1REYB2SRC49PCEEK9H","","null","<img src=""img/food4.png"" style=""width:200px; border:14px solid green;"">","null","","","","","","","","","",""
"","image-keyboard-response","253","164786","0.0-342.0","3BEFOD78W7FPGT6J6LEIZSM1N8VM4F","AYIECNJJDE14Y","3I7KR83SNAZT1REYB2SRC49PCEEK9H","","132.40000009536743","img/food4.png","76","134.29999995231628","3","1","","1","1","1,0.5,0,1,0.5,0,0.5,0,1","0.5,0,1,0.5,0,1,0,1,0.5","2",""
"","html-keyboard-response","254","165090","0.0-343.0","3BEFOD78W7FPGT6J6LEIZSM1N8VM4F","AYIECNJJDE14Y","3I7KR83SNAZT1REYB2SRC49PCEEK9H","","null","<img src=""img/food4.png"" style=""width:200px; border:14px solid green;"">","null","","","","","","","","","",""
"","image-keyboard-response","255","165221","0.0-344.0","3BEFOD78W7FPGT6J6LEIZSM1N8VM4F","AYIECNJJDE14Y","3I7KR83SNAZT1REYB2SRC49PCEEK9H","","129.59999990463257","img/food5.png","76","131.09999990463257","3","1","","2","1","1,0.5,0,1,0.5,0,0.5,0,1","0.5,0,1,0.5,0,1,0,1,0.5","2",""
"","html-keyboard-response","256","165524","0.0-345.0","3BEFOD78W7FPGT6J6LEIZSM1N8VM4F","AYIECNJJDE14Y","3I7KR83SNAZT1REYB2SRC49PCEEK9H","","null","<img src=""img/food5.png"" style=""width:200px; border:14px solid green;"">","null","","","","","","","","","",""
"","image-keyboard-response","257","165614","0.0-346.0","3BEFOD78W7FPGT6J6LEIZSM1N8VM4F","AYIECNJJDE14Y","3I7KR83SNAZT1REYB2SRC49PCEEK9H","","88.70000004768372","img/food4.png","76","89.90000009536743","3","1","","1","1","1,0.5,0,1,0.5,0,0.5,0,1","0.5,0,1,0.5,0,1,0,1,0.5","2",""
"","html-keyboard-response","258","165917","0.0-347.0","3BEFOD78W7FPGT6J6LEIZSM1N8VM4F","AYIECNJJDE14Y","3I7KR83SNAZT1REYB2SRC49PCEEK9H","","null","<img src=""img/food4.png"" style=""width:200px; border:14px solid green;"">","null","","","","","","","","","",""
"","image-keyboard-response","259","166060","0.0-348.0","3BEFOD78W7FPGT6J6LEIZSM1N8VM4F","AYIECNJJDE14Y","3I7KR83SNAZT1REYB2SRC49PCEEK9H","","140.59999990463257","img/food2.png","76","142.79999995231628","3","0","","3","1","1,0.5,0,1,0.5,0,0.5,0,1","0.5,0,1,0.5,0,1,0,1,0.5","2",""
"","html-keyboard-response","260","166362","0.0-349.0","3BEFOD78W7FPGT6J6LEIZSM1N8VM4F","AYIECNJJDE14Y","3I7KR83SNAZT1REYB2SRC49PCEEK9H","","null","<img src=""img/food2.png"" style=""width:200px;border:14px solid red;"">","null","","","","","","","","","",""
"","image-keyboard-response","261","166511","0.0-350.0","3BEFOD78W7FPGT6J6LEIZSM1N8VM4F","AYIECNJJDE14Y","3I7KR83SNAZT1REYB2SRC49PCEEK9H","","145.79999995231628","img/food5.png","76","147.69999980926514","3","1","","2","1","1,0.5,0,1,0.5,0,0.5,0,1","0.5,0,1,0.5,0,1,0,1,0.5","2",""
"","html-keyboard-response","262","166813","0.0-351.0","3BEFOD78W7FPGT6J6LEIZSM1N8VM4F","AYIECNJJDE14Y","3I7KR83SNAZT1REYB2SRC49PCEEK9H","","null","<img src=""img/food5.png"" style=""width:200px; border:14px solid green;"">","null","","","","","","","","","",""
"","image-keyboard-response","263","166981","0.0-352.0","3BEFOD78W7FPGT6J6LEIZSM1N8VM4F","AYIECNJJDE14Y","3I7KR83SNAZT1REYB2SRC49PCEEK9H","","167","img/food5.png","76","168.20000004768372","3","1","","2","1","1,0.5,0,1,0.5,0,0.5,0,1","0.5,0,1,0.5,0,1,0,1,0.5","2",""
"","html-keyboard-response","264","167285","0.0-353.0","3BEFOD78W7FPGT6J6LEIZSM1N8VM4F","AYIECNJJDE14Y","3I7KR83SNAZT1REYB2SRC49PCEEK9H","","null","<img src=""img/food5.png"" style=""width:200px; border:14px solid green;"">","null","","","","","","","","","",""
"","image-keyboard-response","265","167458","0.0-354.0","3BEFOD78W7FPGT6J6LEIZSM1N8VM4F","AYIECNJJDE14Y","3I7KR83SNAZT1REYB2SRC49PCEEK9H","","170.90000009536743","img/food4.png","76","172.70000004768372","3","1","","1","1","1,0.5,0,1,0.5,0,0.5,0,1","0.5,0,1,0.5,0,1,0,1,0.5","2",""
"","html-keyboard-response","266","167760","0.0-355.0","3BEFOD78W7FPGT6J6LEIZSM1N8VM4F","AYIECNJJDE14Y","3I7KR83SNAZT1REYB2SRC49PCEEK9H","","null","<img src=""img/food4.png"" style=""width:200px; border:14px solid green;"">","null","","","","","","","","","",""
"","image-keyboard-response","267","167870","0.0-356.0","3BEFOD78W7FPGT6J6LEIZSM1N8VM4F","AYIECNJJDE14Y","3I7KR83SNAZT1REYB2SRC49PCEEK9H","","107.10000014305115","img/food5.png","76","108.69999980926514","3","1","","2","1","1,0.5,0,1,0.5,0,0.5,0,1","0.5,0,1,0.5,0,1,0,1,0.5","2",""
"","html-keyboard-response","268","168172","0.0-357.0","3BEFOD78W7FPGT6J6LEIZSM1N8VM4F","AYIECNJJDE14Y","3I7KR83SNAZT1REYB2SRC49PCEEK9H","","null","<img src=""img/food5.png"" style=""width:200px; border:14px solid green;"">","null","","","","","","","","","",""
"","image-keyboard-response","269","168278","0.0-358.0","3BEFOD78W7FPGT6J6LEIZSM1N8VM4F","AYIECNJJDE14Y","3I7KR83SNAZT1REYB2SRC49PCEEK9H","","104.09999990463257","img/food4.png","76","105.90000009536743","3","1","","1","1","1,0.5,0,1,0.5,0,0.5,0,1","0.5,0,1,0.5,0,1,0,1,0.5","2",""
"","html-keyboard-response","270","168582","0.0-359.0","3BEFOD78W7FPGT6J6LEIZSM1N8VM4F","AYIECNJJDE14Y","3I7KR83SNAZT1REYB2SRC49PCEEK9H","","null","<img src=""img/food4.png"" style=""width:200px; border:14px solid green;"">","null","","","","","","","","","",""
"","image-keyboard-response","271","168714","0.0-360.0","3BEFOD78W7FPGT6J6LEIZSM1N8VM4F","AYIECNJJDE14Y","3I7KR83SNAZT1REYB2SRC49PCEEK9H","","130.5","img/food5.png","76","131.90000009536743","3","1","","2","1","1,0.5,0,1,0.5,0,0.5,0,1","0.5,0,1,0.5,0,1,0,1,0.5","2",""
"","html-keyboard-response","272","169017","0.0-361.0","3BEFOD78W7FPGT6J6LEIZSM1N8VM4F","AYIECNJJDE14Y","3I7KR83SNAZT1REYB2SRC49PCEEK9H","","null","<img src=""img/food5.png"" style=""width:200px; border:14px solid green;"">","null","","","","","","","","","",""
"","image-keyboard-response","273","169104","0.0-362.0","3BEFOD78W7FPGT6J6LEIZSM1N8VM4F","AYIECNJJDE14Y","3I7KR83SNAZT1REYB2SRC49PCEEK9H","","85.10000014305115","img/food4.png","76","87.20000004768372","3","1","","1","1","1,0.5,0,1,0.5,0,0.5,0,1","0.5,0,1,0.5,0,1,0,1,0.5","2",""
"","html-keyboard-response","274","169407","0.0-363.0","3BEFOD78W7FPGT6J6LEIZSM1N8VM4F","AYIECNJJDE14Y","3I7KR83SNAZT1REYB2SRC49PCEEK9H","","null","<img src=""img/food4.png"" style=""width:200px; border:14px solid green;"">","null","","","","","","","","","",""
"","image-keyboard-response","275","169592","0.0-364.0","3BEFOD78W7FPGT6J6LEIZSM1N8VM4F","AYIECNJJDE14Y","3I7KR83SNAZT1REYB2SRC49PCEEK9H","","181.90000009536743","img/food5.png","76","183.90000009536743","3","1","","2","1","1,0.5,0,1,0.5,0,0.5,0,1","0.5,0,1,0.5,0,1,0,1,0.5","2",""
"","html-keyboard-response","276","169894","0.0-365.0","3BEFOD78W7FPGT6J6LEIZSM1N8VM4F","AYIECNJJDE14Y","3I7KR83SNAZT1REYB2SRC49PCEEK9H","","null","<img src=""img/food5.png"" style=""width:200px; border:14px solid green;"">","null","","","","","","","","","",""
"","image-keyboard-response","277","170021","0.0-366.0","3BEFOD78W7FPGT6J6LEIZSM1N8VM4F","AYIECNJJDE14Y","3I7KR83SNAZT1REYB2SRC49PCEEK9H","","125.59999990463257","img/food4.png","76","126.70000004768372","3","1","","1","1","1,0.5,0,1,0.5,0,0.5,0,1","0.5,0,1,0.5,0,1,0,1,0.5","2",""
"","html-keyboard-response","278","170324","0.0-367.0","3BEFOD78W7FPGT6J6LEIZSM1N8VM4F","AYIECNJJDE14Y","3I7KR83SNAZT1REYB2SRC49PCEEK9H","","null","<img src=""img/food4.png"" style=""width:200px; border:14px solid green;"">","null","","","","","","","","","",""
"","image-keyboard-response","279","170431","0.0-368.0","3BEFOD78W7FPGT6J6LEIZSM1N8VM4F","AYIECNJJDE14Y","3I7KR83SNAZT1REYB2SRC49PCEEK9H","","104.69999980926514","img/food4.png","76","106.70000004768372","3","1","","1","1","1,0.5,0,1,0.5,0,0.5,0,1","0.5,0,1,0.5,0,1,0,1,0.5","2",""
"","html-keyboard-response","280","170734","0.0-369.0","3BEFOD78W7FPGT6J6LEIZSM1N8VM4F","AYIECNJJDE14Y","3I7KR83SNAZT1REYB2SRC49PCEEK9H","","null","<img src=""img/food4.png"" style=""width:200px; border:14px solid green;"">","null","","","","","","","","","",""
"","image-keyboard-response","281","170854","0.0-370.0","3BEFOD78W7FPGT6J6LEIZSM1N8VM4F","AYIECNJJDE14Y","3I7KR83SNAZT1REYB2SRC49PCEEK9H","","117.79999995231628","img/food2.png","76","119.80000019073486","3","1","","3","1","1,0.5,0,1,0.5,0,0.5,0,1","0.5,0,1,0.5,0,1,0,1,0.5","2",""
"","html-keyboard-response","282","171157","0.0-371.0","3BEFOD78W7FPGT6J6LEIZSM1N8VM4F","AYIECNJJDE14Y","3I7KR83SNAZT1REYB2SRC49PCEEK9H","","null","<img src=""img/food2.png"" style=""width:200px; border:14px solid green;"">","null","","","","","","","","","",""
"","image-keyboard-response","283","171294","0.0-372.0","3BEFOD78W7FPGT6J6LEIZSM1N8VM4F","AYIECNJJDE14Y","3I7KR83SNAZT1REYB2SRC49PCEEK9H","","135","img/food4.png","76","136.90000009536743","3","1","","1","1","1,0.5,0,1,0.5,0,0.5,0,1","0.5,0,1,0.5,0,1,0,1,0.5","2",""
"","html-keyboard-response","284","171598","0.0-373.0","3BEFOD78W7FPGT6J6LEIZSM1N8VM4F","AYIECNJJDE14Y","3I7KR83SNAZT1REYB2SRC49PCEEK9H","","null","<img src=""img/food4.png"" style=""width:200px; border:14px solid green;"">","null","","","","","","","","","",""
"","image-keyboard-response","285","171768","0.0-374.0","3BEFOD78W7FPGT6J6LEIZSM1N8VM4F","AYIECNJJDE14Y","3I7KR83SNAZT1REYB2SRC49PCEEK9H","","167.90000009536743","img/food5.png","76","169.5","3","1","","2","1","1,0.5,0,1,0.5,0,0.5,0,1","0.5,0,1,0.5,0,1,0,1,0.5","2",""
"","html-keyboard-response","286","172070","0.0-375.0","3BEFOD78W7FPGT6J6LEIZSM1N8VM4F","AYIECNJJDE14Y","3I7KR83SNAZT1REYB2SRC49PCEEK9H","","null","<img src=""img/food5.png"" style=""width:200px; border:14px solid green;"">","null","","","","","","","","","",""
"","image-keyboard-response","287","172157","0.0-376.0","3BEFOD78W7FPGT6J6LEIZSM1N8VM4F","AYIECNJJDE14Y","3I7KR83SNAZT1REYB2SRC49PCEEK9H","","86.20000004768372","img/food5.png","76","87.30000019073486","3","1","","2","1","1,0.5,0,1,0.5,0,0.5,0,1","0.5,0,1,0.5,0,1,0,1,0.5","2",""
"","html-keyboard-response","288","172461","0.0-377.0","3BEFOD78W7FPGT6J6LEIZSM1N8VM4F","AYIECNJJDE14Y","3I7KR83SNAZT1REYB2SRC49PCEEK9H","","null","<img src=""img/food5.png"" style=""width:200px; border:14px solid green;"">","null","","","","","","","","","",""
"","image-keyboard-response","289","172580","0.0-378.0","3BEFOD78W7FPGT6J6LEIZSM1N8VM4F","AYIECNJJDE14Y","3I7KR83SNAZT1REYB2SRC49PCEEK9H","","116.29999995231628","img/food2.png","76","118","3","1","","3","1","1,0.5,0,1,0.5,0,0.5,0,1","0.5,0,1,0.5,0,1,0,1,0.5","2",""
"","html-keyboard-response","290","172882","0.0-379.0","3BEFOD78W7FPGT6J6LEIZSM1N8VM4F","AYIECNJJDE14Y","3I7KR83SNAZT1REYB2SRC49PCEEK9H","","null","<img src=""img/food2.png"" style=""width:200px; border:14px solid green;"">","null","","","","","","","","","",""
"","image-keyboard-response","291","172986","0.0-380.0","3BEFOD78W7FPGT6J6LEIZSM1N8VM4F","AYIECNJJDE14Y","3I7KR83SNAZT1REYB2SRC49PCEEK9H","","101.59999990463257","img/food4.png","76","103.20000004768372","3","1","","1","1","1,0.5,0,1,0.5,0,0.5,0,1","0.5,0,1,0.5,0,1,0,1,0.5","2",""
"","html-keyboard-response","292","173288","0.0-381.0","3BEFOD78W7FPGT6J6LEIZSM1N8VM4F","AYIECNJJDE14Y","3I7KR83SNAZT1REYB2SRC49PCEEK9H","","null","<img src=""img/food4.png"" style=""width:200px; border:14px solid green;"">","null","","","","","","","","","",""
"","image-keyboard-response","293","173392","0.0-382.0","3BEFOD78W7FPGT6J6LEIZSM1N8VM4F","AYIECNJJDE14Y","3I7KR83SNAZT1REYB2SRC49PCEEK9H","","102.39999985694885","img/food5.png","76","103.70000004768372","3","1","","2","1","1,0.5,0,1,0.5,0,0.5,0,1","0.5,0,1,0.5,0,1,0,1,0.5","2",""
"","html-keyboard-response","294","173694","0.0-383.0","3BEFOD78W7FPGT6J6LEIZSM1N8VM4F","AYIECNJJDE14Y","3I7KR83SNAZT1REYB2SRC49PCEEK9H","","null","<img src=""img/food5.png"" style=""width:200px; border:14px solid green;"">","null","","","","","","","","","",""
"","image-keyboard-response","295","173869","0.0-384.0","3BEFOD78W7FPGT6J6LEIZSM1N8VM4F","AYIECNJJDE14Y","3I7KR83SNAZT1REYB2SRC49PCEEK9H","","173","img/food5.png","76","174.79999995231628","3","1","","2","1","1,0.5,0,1,0.5,0,0.5,0,1","0.5,0,1,0.5,0,1,0,1,0.5","2",""
"","html-keyboard-response","296","174173","0.0-385.0","3BEFOD78W7FPGT6J6LEIZSM1N8VM4F","AYIECNJJDE14Y","3I7KR83SNAZT1REYB2SRC49PCEEK9H","","null","<img src=""img/food5.png"" style=""width:200px; border:14px solid green;"">","null","","","","","","","","","",""
"","image-keyboard-response","297","174318","0.0-386.0","3BEFOD78W7FPGT6J6LEIZSM1N8VM4F","AYIECNJJDE14Y","3I7KR83SNAZT1REYB2SRC49PCEEK9H","","142.79999995231628","img/food5.png","76","144.89999985694885","3","1","","2","1","1,0.5,0,1,0.5,0,0.5,0,1","0.5,0,1,0.5,0,1,0,1,0.5","2",""
"","html-keyboard-response","298","174621","0.0-387.0","3BEFOD78W7FPGT6J6LEIZSM1N8VM4F","AYIECNJJDE14Y","3I7KR83SNAZT1REYB2SRC49PCEEK9H","","null","<img src=""img/food5.png"" style=""width:200px; border:14px solid green;"">","null","","","","","","","","","",""
"","image-keyboard-response","299","174766","0.0-388.0","3BEFOD78W7FPGT6J6LEIZSM1N8VM4F","AYIECNJJDE14Y","3I7KR83SNAZT1REYB2SRC49PCEEK9H","","142.20000004768372","img/food5.png","76","144.20000004768372","3","1","","2","1","1,0.5,0,1,0.5,0,0.5,0,1","0.5,0,1,0.5,0,1,0,1,0.5","2",""
"","html-keyboard-response","300","175068","0.0-389.0","3BEFOD78W7FPGT6J6LEIZSM1N8VM4F","AYIECNJJDE14Y","3I7KR83SNAZT1REYB2SRC49PCEEK9H","","null","<img src=""img/food5.png"" style=""width:200px; border:14px solid green;"">","null","","","","","","","","","",""
"","image-keyboard-response","301","175231","0.0-390.0","3BEFOD78W7FPGT6J6LEIZSM1N8VM4F","AYIECNJJDE14Y","3I7KR83SNAZT1REYB2SRC49PCEEK9H","","160.10000014305115","img/food4.png","76","162","3","1","","1","1","1,0.5,0,1,0.5,0,0.5,0,1","0.5,0,1,0.5,0,1,0,1,0.5","2",""
"","html-keyboard-response","302","175534","0.0-391.0","3BEFOD78W7FPGT6J6LEIZSM1N8VM4F","AYIECNJJDE14Y","3I7KR83SNAZT1REYB2SRC49PCEEK9H","","null","<img src=""img/food4.png"" style=""width:200px; border:14px solid green;"">","null","","","","","","","","","",""
"","image-keyboard-response","303","175661","0.0-392.0","3BEFOD78W7FPGT6J6LEIZSM1N8VM4F","AYIECNJJDE14Y","3I7KR83SNAZT1REYB2SRC49PCEEK9H","","125","img/food2.png","76","126.90000009536743","3","0","","3","1","1,0.5,0,1,0.5,0,0.5,0,1","0.5,0,1,0.5,0,1,0,1,0.5","2",""
"","html-keyboard-response","304","175964","0.0-393.0","3BEFOD78W7FPGT6J6LEIZSM1N8VM4F","AYIECNJJDE14Y","3I7KR83SNAZT1REYB2SRC49PCEEK9H","","null","<img src=""img/food2.png"" style=""width:200px;border:14px solid red;"">","null","","","","","","","","","",""
"","image-keyboard-response","305","176086","0.0-394.0","3BEFOD78W7FPGT6J6LEIZSM1N8VM4F","AYIECNJJDE14Y","3I7KR83SNAZT1REYB2SRC49PCEEK9H","","120.89999985694885","img/food5.png","76","121.69999980926514","3","1","","2","1","1,0.5,0,1,0.5,0,0.5,0,1","0.5,0,1,0.5,0,1,0,1,0.5","2",""
"","html-keyboard-response","306","176388","0.0-395.0","3BEFOD78W7FPGT6J6LEIZSM1N8VM4F","AYIECNJJDE14Y","3I7KR83SNAZT1REYB2SRC49PCEEK9H","","null","<img src=""img/food5.png"" style=""width:200px; border:14px solid green;"">","null","","","","","","","","","",""
"","image-keyboard-response","307","176530","0.0-396.0","3BEFOD78W7FPGT6J6LEIZSM1N8VM4F","AYIECNJJDE14Y","3I7KR83SNAZT1REYB2SRC49PCEEK9H","","139.70000004768372","img/food5.png","76","141.30000019073486","3","1","","2","1","1,0.5,0,1,0.5,0,0.5,0,1","0.5,0,1,0.5,0,1,0,1,0.5","2",""
"","html-keyboard-response","308","176833","0.0-397.0","3BEFOD78W7FPGT6J6LEIZSM1N8VM4F","AYIECNJJDE14Y","3I7KR83SNAZT1REYB2SRC49PCEEK9H","","null","<img src=""img/food5.png"" style=""width:200px; border:14px solid green;"">","null","","","","","","","","","",""
"","image-keyboard-response","309","176937","0.0-398.0","3BEFOD78W7FPGT6J6LEIZSM1N8VM4F","AYIECNJJDE14Y","3I7KR83SNAZT1REYB2SRC49PCEEK9H","","102.60000014305115","img/food5.png","76","104","3","1","","2","1","1,0.5,0,1,0.5,0,0.5,0,1","0.5,0,1,0.5,0,1,0,1,0.5","2",""
"","html-keyboard-response","310","177243","0.0-399.0","3BEFOD78W7FPGT6J6LEIZSM1N8VM4F","AYIECNJJDE14Y","3I7KR83SNAZT1REYB2SRC49PCEEK9H","","null","<img src=""img/food5.png"" style=""width:200px; border:14px solid green;"">","null","","","","","","","","","",""
"","image-keyboard-response","311","177353","0.0-400.0","3BEFOD78W7FPGT6J6LEIZSM1N8VM4F","AYIECNJJDE14Y","3I7KR83SNAZT1REYB2SRC49PCEEK9H","","107.5","img/food5.png","76","109.40000009536743","3","1","","2","1","1,0.5,0,1,0.5,0,0.5,0,1","0.5,0,1,0.5,0,1,0,1,0.5","2",""
"","html-keyboard-response","312","177656","0.0-401.0","3BEFOD78W7FPGT6J6LEIZSM1N8VM4F","AYIECNJJDE14Y","3I7KR83SNAZT1REYB2SRC49PCEEK9H","","null","<img src=""img/food5.png"" style=""width:200px; border:14px solid green;"">","null","","","","","","","","","",""
"","image-keyboard-response","313","177759","0.0-402.0","3BEFOD78W7FPGT6J6LEIZSM1N8VM4F","AYIECNJJDE14Y","3I7KR83SNAZT1REYB2SRC49PCEEK9H","","100.70000004768372","img/food5.png","76","102.59999990463257","3","1","","2","1","1,0.5,0,1,0.5,0,0.5,0,1","0.5,0,1,0.5,0,1,0,1,0.5","2",""
"","html-keyboard-response","314","178063","0.0-403.0","3BEFOD78W7FPGT6J6LEIZSM1N8VM4F","AYIECNJJDE14Y","3I7KR83SNAZT1REYB2SRC49PCEEK9H","","null","<img src=""img/food5.png"" style=""width:200px; border:14px solid green;"">","null","","","","","","","","","",""
"","image-keyboard-response","315","178165","0.0-404.0","3BEFOD78W7FPGT6J6LEIZSM1N8VM4F","AYIECNJJDE14Y","3I7KR83SNAZT1REYB2SRC49PCEEK9H","","100","img/food2.png","76","101.5","3","0","","3","1","1,0.5,0,1,0.5,0,0.5,0,1","0.5,0,1,0.5,0,1,0,1,0.5","2",""
"","html-keyboard-response","316","178468","0.0-405.0","3BEFOD78W7FPGT6J6LEIZSM1N8VM4F","AYIECNJJDE14Y","3I7KR83SNAZT1REYB2SRC49PCEEK9H","","null","<img src=""img/food2.png"" style=""width:200px;border:14px solid red;"">","null","","","","","","","","","",""
"","image-keyboard-response","317","178577","0.0-406.0","3BEFOD78W7FPGT6J6LEIZSM1N8VM4F","AYIECNJJDE14Y","3I7KR83SNAZT1REYB2SRC49PCEEK9H","","107.10000014305115","img/food2.png","76","108.30000019073486","3","1","","3","1","1,0.5,0,1,0.5,0,0.5,0,1","0.5,0,1,0.5,0,1,0,1,0.5","2",""
"","html-keyboard-response","318","178880","0.0-407.0","3BEFOD78W7FPGT6J6LEIZSM1N8VM4F","AYIECNJJDE14Y","3I7KR83SNAZT1REYB2SRC49PCEEK9H","","null","<img src=""img/food2.png"" style=""width:200px; border:14px solid green;"">","null","","","","","","","","","",""
"","image-keyboard-response","319","178998","0.0-408.0","3BEFOD78W7FPGT6J6LEIZSM1N8VM4F","AYIECNJJDE14Y","3I7KR83SNAZT1REYB2SRC49PCEEK9H","","116.80000019073486","img/food2.png","76","118.29999995231628","3","0","","3","1","1,0.5,0,1,0.5,0,0.5,0,1","0.5,0,1,0.5,0,1,0,1,0.5","2",""
"","html-keyboard-response","320","179301","0.0-409.0","3BEFOD78W7FPGT6J6LEIZSM1N8VM4F","AYIECNJJDE14Y","3I7KR83SNAZT1REYB2SRC49PCEEK9H","","null","<img src=""img/food2.png"" style=""width:200px;border:14px solid red;"">","null","","","","","","","","","",""
"","image-keyboard-response","321","179415","0.0-410.0","3BEFOD78W7FPGT6J6LEIZSM1N8VM4F","AYIECNJJDE14Y","3I7KR83SNAZT1REYB2SRC49PCEEK9H","","112","img/food4.png","76","113.70000004768372","3","1","","1","1","1,0.5,0,1,0.5,0,0.5,0,1","0.5,0,1,0.5,0,1,0,1,0.5","2",""
"","html-keyboard-response","322","179718","0.0-411.0","3BEFOD78W7FPGT6J6LEIZSM1N8VM4F","AYIECNJJDE14Y","3I7KR83SNAZT1REYB2SRC49PCEEK9H","","null","<img src=""img/food4.png"" style=""width:200px; border:14px solid green;"">","null","","","","","","","","","",""
"","image-keyboard-response","323","179822","0.0-412.0","3BEFOD78W7FPGT6J6LEIZSM1N8VM4F","AYIECNJJDE14Y","3I7KR83SNAZT1REYB2SRC49PCEEK9H","","103.20000004768372","img/food4.png","76","104.39999985694885","3","1","","1","1","1,0.5,0,1,0.5,0,0.5,0,1","0.5,0,1,0.5,0,1,0,1,0.5","2",""
"","html-keyboard-response","324","180126","0.0-413.0","3BEFOD78W7FPGT6J6LEIZSM1N8VM4F","AYIECNJJDE14Y","3I7KR83SNAZT1REYB2SRC49PCEEK9H","","null","<img src=""img/food4.png"" style=""width:200px; border:14px solid green;"">","null","","","","","","","","","",""
"","image-keyboard-response","325","180238","0.0-414.0","3BEFOD78W7FPGT6J6LEIZSM1N8VM4F","AYIECNJJDE14Y","3I7KR83SNAZT1REYB2SRC49PCEEK9H","","110.40000009536743","img/food4.png","76","112.09999990463257","3","1","","1","1","1,0.5,0,1,0.5,0,0.5,0,1","0.5,0,1,0.5,0,1,0,1,0.5","2",""
"","html-keyboard-response","326","180542","0.0-415.0","3BEFOD78W7FPGT6J6LEIZSM1N8VM4F","AYIECNJJDE14Y","3I7KR83SNAZT1REYB2SRC49PCEEK9H","","null","<img src=""img/food4.png"" style=""width:200px; border:14px solid green;"">","null","","","","","","","","","",""
"","image-keyboard-response","327","180643","0.0-416.0","3BEFOD78W7FPGT6J6LEIZSM1N8VM4F","AYIECNJJDE14Y","3I7KR83SNAZT1REYB2SRC49PCEEK9H","","99.29999995231628","img/food5.png","76","101.10000014305115","3","1","","2","1","1,0.5,0,1,0.5,0,0.5,0,1","0.5,0,1,0.5,0,1,0,1,0.5","2",""
"","html-keyboard-response","328","180946","0.0-417.0","3BEFOD78W7FPGT6J6LEIZSM1N8VM4F","AYIECNJJDE14Y","3I7KR83SNAZT1REYB2SRC49PCEEK9H","","null","<img src=""img/food5.png"" style=""width:200px; border:14px solid green;"">","null","","","","","","","","","",""
"","image-keyboard-response","329","181062","0.0-418.0","3BEFOD78W7FPGT6J6LEIZSM1N8VM4F","AYIECNJJDE14Y","3I7KR83SNAZT1REYB2SRC49PCEEK9H","","113.20000004768372","img/food2.png","76","115.19999980926514","3","1","","3","1","1,0.5,0,1,0.5,0,0.5,0,1","0.5,0,1,0.5,0,1,0,1,0.5","2",""
"","html-keyboard-response","330","181364","0.0-419.0","3BEFOD78W7FPGT6J6LEIZSM1N8VM4F","AYIECNJJDE14Y","3I7KR83SNAZT1REYB2SRC49PCEEK9H","","null","<img src=""img/food2.png"" style=""width:200px; border:14px solid green;"">","null","","","","","","","","","",""
"","image-keyboard-response","331","181469","0.0-420.0","3BEFOD78W7FPGT6J6LEIZSM1N8VM4F","AYIECNJJDE14Y","3I7KR83SNAZT1REYB2SRC49PCEEK9H","","104.29999995231628","img/food2.png","76","105.10000014305115","3","1","","3","1","1,0.5,0,1,0.5,0,0.5,0,1","0.5,0,1,0.5,0,1,0,1,0.5","2",""
"","html-keyboard-response","332","181771","0.0-421.0","3BEFOD78W7FPGT6J6LEIZSM1N8VM4F","AYIECNJJDE14Y","3I7KR83SNAZT1REYB2SRC49PCEEK9H","","null","<img src=""img/food2.png"" style=""width:200px; border:14px solid green;"">","null","","","","","","","","","",""
"","image-keyboard-response","333","181862","0.0-422.0","3BEFOD78W7FPGT6J6LEIZSM1N8VM4F","AYIECNJJDE14Y","3I7KR83SNAZT1REYB2SRC49PCEEK9H","","89.39999985694885","img/food2.png","76","90.59999990463257","3","1","","3","1","1,0.5,0,1,0.5,0,0.5,0,1","0.5,0,1,0.5,0,1,0,1,0.5","2",""
"","html-keyboard-response","334","182166","0.0-423.0","3BEFOD78W7FPGT6J6LEIZSM1N8VM4F","AYIECNJJDE14Y","3I7KR83SNAZT1REYB2SRC49PCEEK9H","","null","<img src=""img/food2.png"" style=""width:200px; border:14px solid green;"">","null","","","","","","","","","",""
"","image-keyboard-response","335","182266","0.0-424.0","3BEFOD78W7FPGT6J6LEIZSM1N8VM4F","AYIECNJJDE14Y","3I7KR83SNAZT1REYB2SRC49PCEEK9H","","98.5","img/food2.png","76","100.09999990463257","3","0","","3","1","1,0.5,0,1,0.5,0,0.5,0,1","0.5,0,1,0.5,0,1,0,1,0.5","2",""
"","html-keyboard-response","336","182568","0.0-425.0","3BEFOD78W7FPGT6J6LEIZSM1N8VM4F","AYIECNJJDE14Y","3I7KR83SNAZT1REYB2SRC49PCEEK9H","","null","<img src=""img/food2.png"" style=""width:200px;border:14px solid red;"">","null","","","","","","","","","",""
"","image-keyboard-response","337","182681","0.0-426.0","3BEFOD78W7FPGT6J6LEIZSM1N8VM4F","AYIECNJJDE14Y","3I7KR83SNAZT1REYB2SRC49PCEEK9H","","110.90000009536743","img/food4.png","76","112.59999990463257","3","1","","1","1","1,0.5,0,1,0.5,0,0.5,0,1","0.5,0,1,0.5,0,1,0,1,0.5","2",""
"","html-keyboard-response","338","182984","0.0-427.0","3BEFOD78W7FPGT6J6LEIZSM1N8VM4F","AYIECNJJDE14Y","3I7KR83SNAZT1REYB2SRC49PCEEK9H","","null","<img src=""img/food4.png"" style=""width:200px; border:14px solid green;"">","null","","","","","","","","","",""
"","image-keyboard-response","339","183098","0.0-428.0","3BEFOD78W7FPGT6J6LEIZSM1N8VM4F","AYIECNJJDE14Y","3I7KR83SNAZT1REYB2SRC49PCEEK9H","","112.29999995231628","img/food4.png","76","114.09999990463257","3","1","","1","1","1,0.5,0,1,0.5,0,0.5,0,1","0.5,0,1,0.5,0,1,0,1,0.5","2",""
"","html-keyboard-response","340","183402","0.0-429.0","3BEFOD78W7FPGT6J6LEIZSM1N8VM4F","AYIECNJJDE14Y","3I7KR83SNAZT1REYB2SRC49PCEEK9H","","null","<img src=""img/food4.png"" style=""width:200px; border:14px solid green;"">","null","","","","","","","","","",""
"","image-keyboard-response","341","183512","0.0-430.0","3BEFOD78W7FPGT6J6LEIZSM1N8VM4F","AYIECNJJDE14Y","3I7KR83SNAZT1REYB2SRC49PCEEK9H","","108.20000004768372","img/food4.png","76","110","3","1","","1","1","1,0.5,0,1,0.5,0,0.5,0,1","0.5,0,1,0.5,0,1,0,1,0.5","2",""
"","html-keyboard-response","342","183815","0.0-431.0","3BEFOD78W7FPGT6J6LEIZSM1N8VM4F","AYIECNJJDE14Y","3I7KR83SNAZT1REYB2SRC49PCEEK9H","","null","<img src=""img/food4.png"" style=""width:200px; border:14px solid green;"">","null","","","","","","","","","",""
"","image-keyboard-response","343","183933","0.0-432.0","3BEFOD78W7FPGT6J6LEIZSM1N8VM4F","AYIECNJJDE14Y","3I7KR83SNAZT1REYB2SRC49PCEEK9H","","116.40000009536743","img/food2.png","76","118.20000004768372","3","0","","3","1","1,0.5,0,1,0.5,0,0.5,0,1","0.5,0,1,0.5,0,1,0,1,0.5","2",""
"","html-keyboard-response","344","184236","0.0-433.0","3BEFOD78W7FPGT6J6LEIZSM1N8VM4F","AYIECNJJDE14Y","3I7KR83SNAZT1REYB2SRC49PCEEK9H","","null","<img src=""img/food2.png"" style=""width:200px;border:14px solid red;"">","null","","","","","","","","","",""
"","image-keyboard-response","345","184355","0.0-434.0","3BEFOD78W7FPGT6J6LEIZSM1N8VM4F","AYIECNJJDE14Y","3I7KR83SNAZT1REYB2SRC49PCEEK9H","","116.79999995231628","img/food4.png","76","118.90000009536743","3","1","","1","1","1,0.5,0,1,0.5,0,0.5,0,1","0.5,0,1,0.5,0,1,0,1,0.5","2",""
"","html-keyboard-response","346","184657","0.0-435.0","3BEFOD78W7FPGT6J6LEIZSM1N8VM4F","AYIECNJJDE14Y","3I7KR83SNAZT1REYB2SRC49PCEEK9H","","null","<img src=""img/food4.png"" style=""width:200px; border:14px solid green;"">","null","","","","","","","","","",""
"","image-keyboard-response","347","184762","0.0-436.0","3BEFOD78W7FPGT6J6LEIZSM1N8VM4F","AYIECNJJDE14Y","3I7KR83SNAZT1REYB2SRC49PCEEK9H","","101.90000009536743","img/food5.png","76","104","3","1","","2","1","1,0.5,0,1,0.5,0,0.5,0,1","0.5,0,1,0.5,0,1,0,1,0.5","2",""
"","html-keyboard-response","348","185065","0.0-437.0","3BEFOD78W7FPGT6J6LEIZSM1N8VM4F","AYIECNJJDE14Y","3I7KR83SNAZT1REYB2SRC49PCEEK9H","","null","<img src=""img/food5.png"" style=""width:200px; border:14px solid green;"">","null","","","","","","","","","",""
"","image-keyboard-response","349","185189","0.0-438.0","3BEFOD78W7FPGT6J6LEIZSM1N8VM4F","AYIECNJJDE14Y","3I7KR83SNAZT1REYB2SRC49PCEEK9H","","122.70000004768372","img/food2.png","76","123.70000004768372","3","1","","3","1","1,0.5,0,1,0.5,0,0.5,0,1","0.5,0,1,0.5,0,1,0,1,0.5","2",""
"","html-keyboard-response","350","185492","0.0-439.0","3BEFOD78W7FPGT6J6LEIZSM1N8VM4F","AYIECNJJDE14Y","3I7KR83SNAZT1REYB2SRC49PCEEK9H","","null","<img src=""img/food2.png"" style=""width:200px; border:14px solid green;"">","null","","","","","","","","","",""
"","image-keyboard-response","351","185604","0.0-440.0","3BEFOD78W7FPGT6J6LEIZSM1N8VM4F","AYIECNJJDE14Y","3I7KR83SNAZT1REYB2SRC49PCEEK9H","","110.5","img/food2.png","76","111.69999980926514","3","1","","3","1","1,0.5,0,1,0.5,0,0.5,0,1","0.5,0,1,0.5,0,1,0,1,0.5","2",""
"","html-keyboard-response","352","185907","0.0-441.0","3BEFOD78W7FPGT6J6LEIZSM1N8VM4F","AYIECNJJDE14Y","3I7KR83SNAZT1REYB2SRC49PCEEK9H","","null","<img src=""img/food2.png"" style=""width:200px; border:14px solid green;"">","null","","","","","","","","","",""
"","image-keyboard-response","353","186034","0.0-442.0","3BEFOD78W7FPGT6J6LEIZSM1N8VM4F","AYIECNJJDE14Y","3I7KR83SNAZT1REYB2SRC49PCEEK9H","","124.5","img/food2.png","76","126.5","3","0","","3","1","1,0.5,0,1,0.5,0,0.5,0,1","0.5,0,1,0.5,0,1,0,1,0.5","2",""
"","html-keyboard-response","354","186338","0.0-443.0","3BEFOD78W7FPGT6J6LEIZSM1N8VM4F","AYIECNJJDE14Y","3I7KR83SNAZT1REYB2SRC49PCEEK9H","","null","<img src=""img/food2.png"" style=""width:200px;border:14px solid red;"">","null","","","","","","","","","",""
"","image-keyboard-response","355","186471","0.0-444.0","3BEFOD78W7FPGT6J6LEIZSM1N8VM4F","AYIECNJJDE14Y","3I7KR83SNAZT1REYB2SRC49PCEEK9H","","131.20000004768372","img/food4.png","76","133","3","1","","1","1","1,0.5,0,1,0.5,0,0.5,0,1","0.5,0,1,0.5,0,1,0,1,0.5","2",""
"","html-keyboard-response","356","186773","0.0-445.0","3BEFOD78W7FPGT6J6LEIZSM1N8VM4F","AYIECNJJDE14Y","3I7KR83SNAZT1REYB2SRC49PCEEK9H","","null","<img src=""img/food4.png"" style=""width:200px; border:14px solid green;"">","null","","","","","","","","","",""
"","image-keyboard-response","357","186901","0.0-446.0","3BEFOD78W7FPGT6J6LEIZSM1N8VM4F","AYIECNJJDE14Y","3I7KR83SNAZT1REYB2SRC49PCEEK9H","","127","img/food5.png","76","128","3","1","","2","1","1,0.5,0,1,0.5,0,0.5,0,1","0.5,0,1,0.5,0,1,0,1,0.5","2",""
"","html-keyboard-response","358","187208","0.0-447.0","3BEFOD78W7FPGT6J6LEIZSM1N8VM4F","AYIECNJJDE14Y","3I7KR83SNAZT1REYB2SRC49PCEEK9H","","null","<img src=""img/food5.png"" style=""width:200px; border:14px solid green;"">","null","","","","","","","","","",""
"","image-keyboard-response","359","187330","0.0-448.0","3BEFOD78W7FPGT6J6LEIZSM1N8VM4F","AYIECNJJDE14Y","3I7KR83SNAZT1REYB2SRC49PCEEK9H","","120.79999995231628","img/food5.png","76","121.79999995231628","3","1","","2","1","1,0.5,0,1,0.5,0,0.5,0,1","0.5,0,1,0.5,0,1,0,1,0.5","2",""
"","html-keyboard-response","360","187633","0.0-449.0","3BEFOD78W7FPGT6J6LEIZSM1N8VM4F","AYIECNJJDE14Y","3I7KR83SNAZT1REYB2SRC49PCEEK9H","","null","<img src=""img/food5.png"" style=""width:200px; border:14px solid green;"">","null","","","","","","","","","",""
"","image-keyboard-response","361","187769","0.0-450.0","3BEFOD78W7FPGT6J6LEIZSM1N8VM4F","AYIECNJJDE14Y","3I7KR83SNAZT1REYB2SRC49PCEEK9H","","134.79999995231628","img/food2.png","76","136.09999990463257","3","1","","3","1","1,0.5,0,1,0.5,0,0.5,0,1","0.5,0,1,0.5,0,1,0,1,0.5","2",""
"","html-keyboard-response","362","188073","0.0-451.0","3BEFOD78W7FPGT6J6LEIZSM1N8VM4F","AYIECNJJDE14Y","3I7KR83SNAZT1REYB2SRC49PCEEK9H","","null","<img src=""img/food2.png"" style=""width:200px; border:14px solid green;"">","null","","","","","","","","","",""
"","image-keyboard-response","363","188210","0.0-452.0","3BEFOD78W7FPGT6J6LEIZSM1N8VM4F","AYIECNJJDE14Y","3I7KR83SNAZT1REYB2SRC49PCEEK9H","","134.90000009536743","img/food5.png","76","136.89999985694885","3","1","","2","1","1,0.5,0,1,0.5,0,0.5,0,1","0.5,0,1,0.5,0,1,0,1,0.5","2",""
"","html-keyboard-response","364","188513","0.0-453.0","3BEFOD78W7FPGT6J6LEIZSM1N8VM4F","AYIECNJJDE14Y","3I7KR83SNAZT1REYB2SRC49PCEEK9H","","null","<img src=""img/food5.png"" style=""width:200px; border:14px solid green;"">","null","","","","","","","","","",""
"","html-keyboard-response","365","192226","0.0-454.0","3BEFOD78W7FPGT6J6LEIZSM1N8VM4F","AYIECNJJDE14Y","3I7KR83SNAZT1REYB2SRC49PCEEK9H","","","","","","","","","","","","","",""
"","instructions","366","201537","0.0-455.0","3BEFOD78W7FPGT6J6LEIZSM1N8VM4F","AYIECNJJDE14Y","3I7KR83SNAZT1REYB2SRC49PCEEK9H","[{""page_index"":0,""viewing_time"":9308.700000047684}]","9309.399999856949","","","","","","","","","","","",""
"","survey-text","367","227870","0.0-456.0","3BEFOD78W7FPGT6J6LEIZSM1N8VM4F","AYIECNJJDE14Y","3I7KR83SNAZT1REYB2SRC49PCEEK9H","","26324.800000190735","","","","","","","","","","","","{""Q0"":""AYIECNJJDE14Y""}"
