"success","trial_type","trial_index","time_elapsed","internal_node_id","assignmentID","mturkID","hitID","view_history","rt","stimulus","key_press","reactionTime","a","r","s","cond","reward_cond","reward_cond_actual","reward_matrix_idx","responses"
"true","fullscreen","0","3288","0.0-0.0","","","","","","","","","","","","","","","",""
"","instructions","1","12836","0.0-1.0","","","","[{""page_index"":0,""viewing_time"":929.6000000238419},{""page_index"":1,""viewing_time"":535.8000000119209},{""page_index"":2,""viewing_time"":472.19999998807907},{""page_index"":3,""viewing_time"":407.89999997615814},{""page_index"":4,""viewing_time"":2840.400000035763},{""page_index"":5,""viewing_time"":1399.800000011921},{""page_index"":6,""viewing_time"":1688.5999999642372},{""page_index"":7,""viewing_time"":1272.300000011921}]","9546.900000035763","","","","","","","","","","",""
"","image-keyboard-response","2","13485","0.0-2.0","","","","","647.1999999880791","img/flower1.png","74","648.5","1","1","2","2","1,0,0,1,1,0,1,0,1","1,0,0,1,1,0,1,0,1","1",""
"","html-keyboard-response","3","13787","0.0-3.0","","","","","null","<img src=""img/flower1.png"" style=""width:200px; border:14px solid green;"">","null","","","","","","","","",""
"","image-keyboard-response","4","14468","0.0-4.0","","","","","680.5","img/flower6.png","75","681.2999999523163","2","0","3","2","1,0,0,1,1,0,1,0,1","1,0,0,1,1,0,1,0,1","1",""
"","html-keyboard-response","5","14770","0.0-5.0","","","","","null","<img src=""img/flower6.png"" style=""width:200px;border:14px solid red;"">","null","","","","","","","","",""
"","image-keyboard-response","6","15932","0.0-6.0","","","","","1161.5","img/flower3.png","74","1162.300000011921","1","1","1","2","1,0,0,1,1,0,1,0,1","1,0,0,1,1,0,1,0,1","1",""
"","html-keyboard-response","7","16233","0.0-7.0","","","","","null","<img src=""img/flower3.png"" style=""width:200px; border:14px solid green;"">","null","","","","","","","","",""
"","image-keyboard-response","8","16909","0.0-8.0","","","","","674.6000000238419","img/flower6.png","74","675.3000000119209","1","1","3","2","1,0,0,1,1,0,1,0,1","1,0,0,1,1,0,1,0,1","1",""
"","html-keyboard-response","9","17210","0.0-9.0","","","","","null","<img src=""img/flower6.png"" style=""width:200px; border:14px solid green;"">","null","","","","","","","","",""
"","image-keyboard-response","10","17580","0.0-10.0","","","","","369.2000000476837","img/flower6.png","74","369.80000001192093","1","1","3","2","1,0,0,1,1,0,1,0,1","1,0,0,1,1,0,1,0,1","1",""
"","html-keyboard-response","11","17886","0.0-11.0","","","","","null","<img src=""img/flower6.png"" style=""width:200px; border:14px solid green;"">","null","","","","","","","","",""
"","image-keyboard-response","12","18420","0.0-12.0","","","","","533.6000000238419","img/flower1.png","74","534.6000000238419","1","1","2","2","1,0,0,1,1,0,1,0,1","1,0,0,1,1,0,1,0,1","1",""
"","html-keyboard-response","13","18722","0.0-13.0","","","","","null","<img src=""img/flower1.png"" style=""width:200px; border:14px solid green;"">","null","","","","","","","","",""
"","image-keyboard-response","14","19148","0.0-14.0","","","","","426.10000002384186","img/flower3.png","74","426.5999999642372","1","1","1","2","1,0,0,1,1,0,1,0,1","1,0,0,1,1,0,1,0,1","1",""
"","html-keyboard-response","15","19454","0.0-15.0","","","","","null","<img src=""img/flower3.png"" style=""width:200px; border:14px solid green;"">","null","","","","","","","","",""
"","image-keyboard-response","16","19733","0.0-16.0","","","","","278.39999997615814","img/flower3.png","74","279","1","1","1","2","1,0,0,1,1,0,1,0,1","1,0,0,1,1,0,1,0,1","1",""
"","html-keyboard-response","17","20038","0.0-17.0","","","","","null","<img src=""img/flower3.png"" style=""width:200px; border:14px solid green;"">","null","","","","","","","","",""
"","image-keyboard-response","18","20445","0.0-18.0","","","","","406.19999998807907","img/flower1.png","74","407.2999999523163","1","1","2","2","1,0,0,1,1,0,1,0,1","1,0,0,1,1,0,1,0,1","1",""
"","html-keyboard-response","19","20747","0.0-19.0","","","","","null","<img src=""img/flower1.png"" style=""width:200px; border:14px solid green;"">","null","","","","","","","","",""
"","image-keyboard-response","20","21189","0.0-20.0","","","","","441.2000000476837","img/flower6.png","74","442","1","1","3","2","1,0,0,1,1,0,1,0,1","1,0,0,1,1,0,1,0,1","1",""
"","html-keyboard-response","21","21493","0.0-21.0","","","","","null","<img src=""img/flower6.png"" style=""width:200px; border:14px solid green;"">","null","","","","","","","","",""
"","image-keyboard-response","22","22085","0.0-22.0","","","","","591.5","img/flower6.png","74","592.3000000119209","1","1","3","2","1,0,0,1,1,0,1,0,1","1,0,0,1,1,0,1,0,1","1",""
"","html-keyboard-response","23","22391","0.0-23.0","","","","","null","<img src=""img/flower6.png"" style=""width:200px; border:14px solid green;"">","null","","","","","","","","",""
"","image-keyboard-response","24","22725","0.0-24.0","","","","","333.5999999642372","img/flower3.png","74","334.10000002384186","1","1","1","2","1,0,0,1,1,0,1,0,1","1,0,0,1,1,0,1,0,1","1",""
"","html-keyboard-response","25","23026","0.0-25.0","","","","","null","<img src=""img/flower3.png"" style=""width:200px; border:14px solid green;"">","null","","","","","","","","",""
"","image-keyboard-response","26","23437","0.0-26.0","","","","","409.9000000357628","img/flower3.png","74","410.5","1","1","1","2","1,0,0,1,1,0,1,0,1","1,0,0,1,1,0,1,0,1","1",""
"","html-keyboard-response","27","23744","0.0-27.0","","","","","null","<img src=""img/flower3.png"" style=""width:200px; border:14px solid green;"">","null","","","","","","","","",""
"","image-keyboard-response","28","24021","0.0-28.0","","","","","276.10000002384186","img/flower3.png","74","276.80000001192093","1","1","1","2","1,0,0,1,1,0,1,0,1","1,0,0,1,1,0,1,0,1","1",""
"","html-keyboard-response","29","24325","0.0-29.0","","","","","null","<img src=""img/flower3.png"" style=""width:200px; border:14px solid green;"">","null","","","","","","","","",""
"","image-keyboard-response","30","24573","0.0-30.0","","","","","247","img/flower1.png","74","248.0999999642372","1","1","2","2","1,0,0,1,1,0,1,0,1","1,0,0,1,1,0,1,0,1","1",""
"","html-keyboard-response","31","24880","0.0-31.0","","","","","null","<img src=""img/flower1.png"" style=""width:200px; border:14px solid green;"">","null","","","","","","","","",""
"","image-keyboard-response","32","25366","0.0-32.0","","","","","484.39999997615814","img/flower3.png","74","484.89999997615814","1","1","1","2","1,0,0,1,1,0,1,0,1","1,0,0,1,1,0,1,0,1","1",""
"","html-keyboard-response","33","25672","0.0-33.0","","","","","null","<img src=""img/flower3.png"" style=""width:200px; border:14px solid green;"">","null","","","","","","","","",""
"","image-keyboard-response","34","25933","0.0-34.0","","","","","259.89999997615814","img/flower1.png","74","260.80000001192093","1","1","2","2","1,0,0,1,1,0,1,0,1","1,0,0,1,1,0,1,0,1","1",""
"","html-keyboard-response","35","26237","0.0-35.0","","","","","null","<img src=""img/flower1.png"" style=""width:200px; border:14px solid green;"">","null","","","","","","","","",""
"","image-keyboard-response","36","26557","0.0-36.0","","","","","319.5","img/flower1.png","74","320.39999997615814","1","1","2","2","1,0,0,1,1,0,1,0,1","1,0,0,1,1,0,1,0,1","1",""
"","html-keyboard-response","37","26864","0.0-37.0","","","","","null","<img src=""img/flower1.png"" style=""width:200px; border:14px solid green;"">","null","","","","","","","","",""
"","image-keyboard-response","38","27190","0.0-38.0","","","","","324.2000000476837","img/flower1.png","74","325.19999998807907","1","1","2","2","1,0,0,1,1,0,1,0,1","1,0,0,1,1,0,1,0,1","1",""
"","html-keyboard-response","39","27498","0.0-39.0","","","","","null","<img src=""img/flower1.png"" style=""width:200px; border:14px solid green;"">","null","","","","","","","","",""
"","image-keyboard-response","40","27878","0.0-40.0","","","","","379.30000001192093","img/flower3.png","74","379.80000001192093","1","1","1","2","1,0,0,1,1,0,1,0,1","1,0,0,1,1,0,1,0,1","1",""
"","html-keyboard-response","41","28189","0.0-41.0","","","","","null","<img src=""img/flower3.png"" style=""width:200px; border:14px solid green;"">","null","","","","","","","","",""
"","image-keyboard-response","42","28486","0.0-42.0","","","","","296.2000000476837","img/flower3.png","74","296.69999998807907","1","1","1","2","1,0,0,1,1,0,1,0,1","1,0,0,1,1,0,1,0,1","1",""
"","html-keyboard-response","43","28787","0.0-43.0","","","","","null","<img src=""img/flower3.png"" style=""width:200px; border:14px solid green;"">","null","","","","","","","","",""
"","image-keyboard-response","44","29270","0.0-44.0","","","","","481.80000001192093","img/flower6.png","74","482.5","1","1","3","2","1,0,0,1,1,0,1,0,1","1,0,0,1,1,0,1,0,1","1",""
"","html-keyboard-response","45","29577","0.0-45.0","","","","","null","<img src=""img/flower6.png"" style=""width:200px; border:14px solid green;"">","null","","","","","","","","",""
"","image-keyboard-response","46","29846","0.0-46.0","","","","","268.60000002384186","img/flower6.png","74","269.39999997615814","1","1","3","2","1,0,0,1,1,0,1,0,1","1,0,0,1,1,0,1,0,1","1",""
"","html-keyboard-response","47","30148","0.0-47.0","","","","","null","<img src=""img/flower6.png"" style=""width:200px; border:14px solid green;"">","null","","","","","","","","",""
"","image-keyboard-response","48","30454","0.0-48.0","","","","","305.80000001192093","img/flower6.png","74","306.19999998807907","1","1","3","2","1,0,0,1,1,0,1,0,1","1,0,0,1,1,0,1,0,1","1",""
"","html-keyboard-response","49","30756","0.0-49.0","","","","","null","<img src=""img/flower6.png"" style=""width:200px; border:14px solid green;"">","null","","","","","","","","",""
"","image-keyboard-response","50","31014","0.0-50.0","","","","","257.4000000357628","img/flower3.png","74","258.10000002384186","1","1","1","2","1,0,0,1,1,0,1,0,1","1,0,0,1,1,0,1,0,1","1",""
"","html-keyboard-response","51","31315","0.0-51.0","","","","","null","<img src=""img/flower3.png"" style=""width:200px; border:14px solid green;"">","null","","","","","","","","",""
"","image-keyboard-response","52","31550","0.0-52.0","","","","","233.79999995231628","img/flower1.png","74","234.60000002384186","1","1","2","2","1,0,0,1,1,0,1,0,1","1,0,0,1,1,0,1,0,1","1",""
"","html-keyboard-response","53","31852","0.0-53.0","","","","","null","<img src=""img/flower1.png"" style=""width:200px; border:14px solid green;"">","null","","","","","","","","",""
"","image-keyboard-response","54","32062","0.0-54.0","","","","","209.30000001192093","img/flower6.png","74","209.80000001192093","1","1","3","2","1,0,0,1,1,0,1,0,1","1,0,0,1,1,0,1,0,1","1",""
"","html-keyboard-response","55","32364","0.0-55.0","","","","","null","<img src=""img/flower6.png"" style=""width:200px; border:14px solid green;"">","null","","","","","","","","",""
"","image-keyboard-response","56","32566","0.0-56.0","","","","","201.69999998807907","img/flower6.png","74","202.20000004768372","1","1","3","2","1,0,0,1,1,0,1,0,1","1,0,0,1,1,0,1,0,1","1",""
"","html-keyboard-response","57","32867","0.0-57.0","","","","","null","<img src=""img/flower6.png"" style=""width:200px; border:14px solid green;"">","null","","","","","","","","",""
"","image-keyboard-response","58","33070","0.0-58.0","","","","","202.10000002384186","img/flower3.png","74","202.9000000357628","1","1","1","2","1,0,0,1,1,0,1,0,1","1,0,0,1,1,0,1,0,1","1",""
"","html-keyboard-response","59","33372","0.0-59.0","","","","","null","<img src=""img/flower3.png"" style=""width:200px; border:14px solid green;"">","null","","","","","","","","",""
"","image-keyboard-response","60","33614","0.0-60.0","","","","","241.30000001192093","img/flower1.png","74","242.19999998807907","1","1","2","2","1,0,0,1,1,0,1,0,1","1,0,0,1,1,0,1,0,1","1",""
"","html-keyboard-response","61","33916","0.0-61.0","","","","","null","<img src=""img/flower1.png"" style=""width:200px; border:14px solid green;"">","null","","","","","","","","",""
"","image-keyboard-response","62","34126","0.0-62.0","","","","","209.69999998807907","img/flower1.png","74","210.5999999642372","1","1","2","2","1,0,0,1,1,0,1,0,1","1,0,0,1,1,0,1,0,1","1",""
"","html-keyboard-response","63","34428","0.0-63.0","","","","","null","<img src=""img/flower1.png"" style=""width:200px; border:14px solid green;"">","null","","","","","","","","",""
"","image-keyboard-response","64","34654","0.0-64.0","","","","","225.80000001192093","img/flower3.png","74","226.39999997615814","1","1","1","2","1,0,0,1,1,0,1,0,1","1,0,0,1,1,0,1,0,1","1",""
"","html-keyboard-response","65","34956","0.0-65.0","","","","","null","<img src=""img/flower3.png"" style=""width:200px; border:14px solid green;"">","null","","","","","","","","",""
"","image-keyboard-response","66","35174","0.0-66.0","","","","","217.79999995231628","img/flower3.png","74","218.19999998807907","1","1","1","2","1,0,0,1,1,0,1,0,1","1,0,0,1,1,0,1,0,1","1",""
"","html-keyboard-response","67","35476","0.0-67.0","","","","","null","<img src=""img/flower3.png"" style=""width:200px; border:14px solid green;"">","null","","","","","","","","",""
"","image-keyboard-response","68","35703","0.0-68.0","","","","","225.39999997615814","img/flower1.png","74","226.20000004768372","1","1","2","2","1,0,0,1,1,0,1,0,1","1,0,0,1,1,0,1,0,1","1",""
"","html-keyboard-response","69","36004","0.0-69.0","","","","","null","<img src=""img/flower1.png"" style=""width:200px; border:14px solid green;"">","null","","","","","","","","",""
"","image-keyboard-response","70","36231","0.0-70.0","","","","","225.5","img/flower6.png","74","226.10000002384186","1","1","3","2","1,0,0,1,1,0,1,0,1","1,0,0,1,1,0,1,0,1","1",""
"","html-keyboard-response","71","36533","0.0-71.0","","","","","null","<img src=""img/flower6.png"" style=""width:200px; border:14px solid green;"">","null","","","","","","","","",""
"","image-keyboard-response","72","36751","0.0-72.0","","","","","217.10000002384186","img/flower1.png","74","217.9000000357628","1","1","2","2","1,0,0,1,1,0,1,0,1","1,0,0,1,1,0,1,0,1","1",""
"","html-keyboard-response","73","37055","0.0-73.0","","","","","null","<img src=""img/flower1.png"" style=""width:200px; border:14px solid green;"">","null","","","","","","","","",""
"","image-keyboard-response","74","37271","0.0-74.0","","","","","214.89999997615814","img/flower6.png","74","215.69999998807907","1","1","3","2","1,0,0,1,1,0,1,0,1","1,0,0,1,1,0,1,0,1","1",""
"","html-keyboard-response","75","37572","0.0-75.0","","","","","null","<img src=""img/flower6.png"" style=""width:200px; border:14px solid green;"">","null","","","","","","","","",""
"","image-keyboard-response","76","37799","0.0-76.0","","","","","225.30000001192093","img/flower1.png","74","226.0999999642372","1","1","2","2","1,0,0,1,1,0,1,0,1","1,0,0,1,1,0,1,0,1","1",""
"","html-keyboard-response","77","38101","0.0-77.0","","","","","null","<img src=""img/flower1.png"" style=""width:200px; border:14px solid green;"">","null","","","","","","","","",""
"","image-keyboard-response","78","38343","0.0-78.0","","","","","241","img/flower6.png","74","241.5","1","1","3","2","1,0,0,1,1,0,1,0,1","1,0,0,1,1,0,1,0,1","1",""
"","html-keyboard-response","79","38644","0.0-79.0","","","","","null","<img src=""img/flower6.png"" style=""width:200px; border:14px solid green;"">","null","","","","","","","","",""
"","image-keyboard-response","80","38847","0.0-80.0","","","","","201.9000000357628","img/flower1.png","74","202.80000001192093","1","1","2","2","1,0,0,1,1,0,1,0,1","1,0,0,1,1,0,1,0,1","1",""
"","html-keyboard-response","81","39148","0.0-81.0","","","","","null","<img src=""img/flower1.png"" style=""width:200px; border:14px solid green;"">","null","","","","","","","","",""
"","image-keyboard-response","82","39351","0.0-82.0","","","","","201.4000000357628","img/flower1.png","74","202.30000001192093","1","1","2","2","1,0,0,1,1,0,1,0,1","1,0,0,1,1,0,1,0,1","1",""
"","html-keyboard-response","83","39652","0.0-83.0","","","","","null","<img src=""img/flower1.png"" style=""width:200px; border:14px solid green;"">","null","","","","","","","","",""
"","image-keyboard-response","84","39855","0.0-84.0","","","","","201.80000001192093","img/flower1.png","74","202.69999998807907","1","1","2","2","1,0,0,1,1,0,1,0,1","1,0,0,1,1,0,1,0,1","1",""
"","html-keyboard-response","85","40157","0.0-85.0","","","","","null","<img src=""img/flower1.png"" style=""width:200px; border:14px solid green;"">","null","","","","","","","","",""
"","image-keyboard-response","86","40367","0.0-86.0","","","","","209.29999995231628","img/flower6.png","74","209.80000001192093","1","1","3","2","1,0,0,1,1,0,1,0,1","1,0,0,1,1,0,1,0,1","1",""
"","html-keyboard-response","87","40668","0.0-87.0","","","","","null","<img src=""img/flower6.png"" style=""width:200px; border:14px solid green;"">","null","","","","","","","","",""
"","image-keyboard-response","88","40879","0.0-88.0","","","","","209.89999997615814","img/flower1.png","74","210.89999997615814","1","1","2","2","1,0,0,1,1,0,1,0,1","1,0,0,1,1,0,1,0,1","1",""
"","html-keyboard-response","89","41182","0.0-89.0","","","","","null","<img src=""img/flower1.png"" style=""width:200px; border:14px solid green;"">","null","","","","","","","","",""
"","image-keyboard-response","90","41367","0.0-90.0","","","","","184.89999997615814","img/flower3.png","74","185.5999999642372","1","1","1","2","1,0,0,1,1,0,1,0,1","1,0,0,1,1,0,1,0,1","1",""
"","html-keyboard-response","91","41669","0.0-91.0","","","","","null","<img src=""img/flower3.png"" style=""width:200px; border:14px solid green;"">","null","","","","","","","","",""
"","image-keyboard-response","92","41871","0.0-92.0","","","","","201.20000004768372","img/flower1.png","74","202.19999998807907","1","1","2","2","1,0,0,1,1,0,1,0,1","1,0,0,1,1,0,1,0,1","1",""
"","html-keyboard-response","93","42173","0.0-93.0","","","","","null","<img src=""img/flower1.png"" style=""width:200px; border:14px solid green;"">","null","","","","","","","","",""
"","image-keyboard-response","94","42359","0.0-94.0","","","","","185.5999999642372","img/flower3.png","74","186.29999995231628","1","1","1","2","1,0,0,1,1,0,1,0,1","1,0,0,1,1,0,1,0,1","1",""
"","html-keyboard-response","95","42660","0.0-95.0","","","","","null","<img src=""img/flower3.png"" style=""width:200px; border:14px solid green;"">","null","","","","","","","","",""
"","image-keyboard-response","96","42871","0.0-96.0","","","","","210.4000000357628","img/flower3.png","74","210.89999997615814","1","1","1","2","1,0,0,1,1,0,1,0,1","1,0,0,1,1,0,1,0,1","1",""
"","html-keyboard-response","97","43174","0.0-97.0","","","","","null","<img src=""img/flower3.png"" style=""width:200px; border:14px solid green;"">","null","","","","","","","","",""
"","image-keyboard-response","98","43383","0.0-98.0","","","","","209","img/flower3.png","74","209.5999999642372","1","1","1","2","1,0,0,1,1,0,1,0,1","1,0,0,1,1,0,1,0,1","1",""
"","html-keyboard-response","99","43685","0.0-99.0","","","","","null","<img src=""img/flower3.png"" style=""width:200px; border:14px solid green;"">","null","","","","","","","","",""
"","image-keyboard-response","100","43895","0.0-100.0","","","","","210","img/flower6.png","74","210.70000004768372","1","1","3","2","1,0,0,1,1,0,1,0,1","1,0,0,1,1,0,1,0,1","1",""
"","html-keyboard-response","101","44197","0.0-101.0","","","","","null","<img src=""img/flower6.png"" style=""width:200px; border:14px solid green;"">","null","","","","","","","","",""
"","image-keyboard-response","102","44440","0.0-102.0","","","","","241.39999997615814","img/flower6.png","74","242","1","1","3","2","1,0,0,1,1,0,1,0,1","1,0,0,1,1,0,1,0,1","1",""
"","html-keyboard-response","103","44741","0.0-103.0","","","","","null","<img src=""img/flower6.png"" style=""width:200px; border:14px solid green;"">","null","","","","","","","","",""
"","image-keyboard-response","104","44968","0.0-104.0","","","","","225.5","img/flower3.png","74","226","1","1","1","2","1,0,0,1,1,0,1,0,1","1,0,0,1,1,0,1,0,1","1",""
"","html-keyboard-response","105","45269","0.0-105.0","","","","","null","<img src=""img/flower3.png"" style=""width:200px; border:14px solid green;"">","null","","","","","","","","",""
"","image-keyboard-response","106","45472","0.0-106.0","","","","","201.69999998807907","img/flower3.png","74","202.30000001192093","1","1","1","2","1,0,0,1,1,0,1,0,1","1,0,0,1,1,0,1,0,1","1",""
"","html-keyboard-response","107","45773","0.0-107.0","","","","","null","<img src=""img/flower3.png"" style=""width:200px; border:14px solid green;"">","null","","","","","","","","",""
"","image-keyboard-response","108","45968","0.0-108.0","","","","","193.89999997615814","img/flower1.png","74","194.89999997615814","1","1","2","2","1,0,0,1,1,0,1,0,1","1,0,0,1,1,0,1,0,1","1",""
"","html-keyboard-response","109","46269","0.0-109.0","","","","","null","<img src=""img/flower1.png"" style=""width:200px; border:14px solid green;"">","null","","","","","","","","",""
"","image-keyboard-response","110","46456","0.0-110.0","","","","","185.69999998807907","img/flower6.png","74","186.20000004768372","1","1","3","2","1,0,0,1,1,0,1,0,1","1,0,0,1,1,0,1,0,1","1",""
"","html-keyboard-response","111","46758","0.0-111.0","","","","","null","<img src=""img/flower6.png"" style=""width:200px; border:14px solid green;"">","null","","","","","","","","",""
"","image-keyboard-response","112","46960","0.0-112.0","","","","","201.30000001192093","img/flower6.png","74","201.79999995231628","1","1","3","2","1,0,0,1,1,0,1,0,1","1,0,0,1,1,0,1,0,1","1",""
"","html-keyboard-response","113","47262","0.0-113.0","","","","","null","<img src=""img/flower6.png"" style=""width:200px; border:14px solid green;"">","null","","","","","","","","",""
"","image-keyboard-response","114","47488","0.0-114.0","","","","","225.10000002384186","img/flower1.png","74","226.0999999642372","1","1","2","2","1,0,0,1,1,0,1,0,1","1,0,0,1,1,0,1,0,1","1",""
"","html-keyboard-response","115","47789","0.0-115.0","","","","","null","<img src=""img/flower1.png"" style=""width:200px; border:14px solid green;"">","null","","","","","","","","",""
"","image-keyboard-response","116","47984","0.0-116.0","","","","","193.79999995231628","img/flower1.png","74","194.5","1","1","2","2","1,0,0,1,1,0,1,0,1","1,0,0,1,1,0,1,0,1","1",""
"","html-keyboard-response","117","48297","0.0-117.0","","","","","null","<img src=""img/flower1.png"" style=""width:200px; border:14px solid green;"">","null","","","","","","","","",""
"","image-keyboard-response","118","48520","0.0-118.0","","","","","221.80000001192093","img/flower3.png","74","222.5","1","1","1","2","1,0,0,1,1,0,1,0,1","1,0,0,1,1,0,1,0,1","1",""
"","html-keyboard-response","119","48822","0.0-119.0","","","","","null","<img src=""img/flower3.png"" style=""width:200px; border:14px solid green;"">","null","","","","","","","","",""
"","image-keyboard-response","120","49040","0.0-120.0","","","","","218.0999999642372","img/flower6.png","74","218.70000004768372","1","1","3","2","1,0,0,1,1,0,1,0,1","1,0,0,1,1,0,1,0,1","1",""
"","html-keyboard-response","121","49342","0.0-121.0","","","","","null","<img src=""img/flower6.png"" style=""width:200px; border:14px solid green;"">","null","","","","","","","","",""
"","image-keyboard-response","122","49520","0.0-122.0","","","","","177.5","img/flower1.png","74","178.39999997615814","1","1","2","2","1,0,0,1,1,0,1,0,1","1,0,0,1,1,0,1,0,1","1",""
"","html-keyboard-response","123","49821","0.0-123.0","","","","","null","<img src=""img/flower1.png"" style=""width:200px; border:14px solid green;"">","null","","","","","","","","",""
"","image-keyboard-response","124","50064","0.0-124.0","","","","","241.79999995231628","img/flower1.png","74","242.80000001192093","1","1","2","2","1,0,0,1,1,0,1,0,1","1,0,0,1,1,0,1,0,1","1",""
"","html-keyboard-response","125","50366","0.0-125.0","","","","","null","<img src=""img/flower1.png"" style=""width:200px; border:14px solid green;"">","null","","","","","","","","",""
"","image-keyboard-response","126","50600","0.0-126.0","","","","","233.5","img/flower3.png","74","234.20000004768372","1","1","1","2","1,0,0,1,1,0,1,0,1","1,0,0,1,1,0,1,0,1","1",""
"","html-keyboard-response","127","50916","0.0-127.0","","","","","null","<img src=""img/flower3.png"" style=""width:200px; border:14px solid green;"">","null","","","","","","","","",""
"","image-keyboard-response","128","51104","0.0-128.0","","","","","187.9000000357628","img/flower6.png","74","188.60000002384186","1","1","3","2","1,0,0,1,1,0,1,0,1","1,0,0,1,1,0,1,0,1","1",""
"","html-keyboard-response","129","51406","0.0-129.0","","","","","null","<img src=""img/flower6.png"" style=""width:200px; border:14px solid green;"">","null","","","","","","","","",""
"","image-keyboard-response","130","51585","0.0-130.0","","","","","178.30000001192093","img/flower3.png","74","179","1","1","1","2","1,0,0,1,1,0,1,0,1","1,0,0,1,1,0,1,0,1","1",""
"","html-keyboard-response","131","51886","0.0-131.0","","","","","null","<img src=""img/flower3.png"" style=""width:200px; border:14px solid green;"">","null","","","","","","","","",""
"","image-keyboard-response","132","52080","0.0-132.0","","","","","194.0999999642372","img/flower3.png","74","194.79999995231628","1","1","1","2","1,0,0,1,1,0,1,0,1","1,0,0,1,1,0,1,0,1","1",""
"","html-keyboard-response","133","52382","0.0-133.0","","","","","null","<img src=""img/flower3.png"" style=""width:200px; border:14px solid green;"">","null","","","","","","","","",""
"","image-keyboard-response","134","52560","0.0-134.0","","","","","177.89999997615814","img/flower6.png","74","178.4000000357628","1","1","3","2","1,0,0,1,1,0,1,0,1","1,0,0,1,1,0,1,0,1","1",""
"","html-keyboard-response","135","52862","0.0-135.0","","","","","null","<img src=""img/flower6.png"" style=""width:200px; border:14px solid green;"">","null","","","","","","","","",""
"","image-keyboard-response","136","53041","0.0-136.0","","","","","177.9000000357628","img/flower6.png","74","178.39999997615814","1","1","3","2","1,0,0,1,1,0,1,0,1","1,0,0,1,1,0,1,0,1","1",""
"","html-keyboard-response","137","53342","0.0-137.0","","","","","null","<img src=""img/flower6.png"" style=""width:200px; border:14px solid green;"">","null","","","","","","","","",""
"","image-keyboard-response","138","53521","0.0-138.0","","","","","177.80000001192093","img/flower3.png","74","178.39999997615814","1","1","1","2","1,0,0,1,1,0,1,0,1","1,0,0,1,1,0,1,0,1","1",""
"","html-keyboard-response","139","53826","0.0-139.0","","","","","null","<img src=""img/flower3.png"" style=""width:200px; border:14px solid green;"">","null","","","","","","","","",""
"","image-keyboard-response","140","54025","0.0-140.0","","","","","197.80000001192093","img/flower6.png","74","198.60000002384186","1","1","3","2","1,0,0,1,1,0,1,0,1","1,0,0,1,1,0,1,0,1","1",""
"","html-keyboard-response","141","54326","0.0-141.0","","","","","null","<img src=""img/flower6.png"" style=""width:200px; border:14px solid green;"">","null","","","","","","","","",""
"","image-keyboard-response","142","54513","0.0-142.0","","","","","186.4000000357628","img/flower6.png","74","187","1","1","3","2","1,0,0,1,1,0,1,0,1","1,0,0,1,1,0,1,0,1","1",""
"","html-keyboard-response","143","54814","0.0-143.0","","","","","null","<img src=""img/flower6.png"" style=""width:200px; border:14px solid green;"">","null","","","","","","","","",""
"","image-keyboard-response","144","54993","0.0-144.0","","","","","177.69999998807907","img/flower6.png","74","178.30000001192093","1","1","3","2","1,0,0,1,1,0,1,0,1","1,0,0,1,1,0,1,0,1","1",""
"","html-keyboard-response","145","55295","0.0-145.0","","","","","null","<img src=""img/flower6.png"" style=""width:200px; border:14px solid green;"">","null","","","","","","","","",""
"","image-keyboard-response","146","55473","0.0-146.0","","","","","177.69999998807907","img/flower6.png","74","178.19999998807907","1","1","3","2","1,0,0,1,1,0,1,0,1","1,0,0,1,1,0,1,0,1","1",""
"","html-keyboard-response","147","55774","0.0-147.0","","","","","null","<img src=""img/flower6.png"" style=""width:200px; border:14px solid green;"">","null","","","","","","","","",""
"","image-keyboard-response","148","55985","0.0-148.0","","","","","210.19999998807907","img/flower3.png","74","210.80000001192093","1","1","1","2","1,0,0,1,1,0,1,0,1","1,0,0,1,1,0,1,0,1","1",""
"","html-keyboard-response","149","56286","0.0-149.0","","","","","null","<img src=""img/flower3.png"" style=""width:200px; border:14px solid green;"">","null","","","","","","","","",""
"","image-keyboard-response","150","56473","0.0-150.0","","","","","186.19999998807907","img/flower1.png","74","187.10000002384186","1","1","2","2","1,0,0,1,1,0,1,0,1","1,0,0,1,1,0,1,0,1","1",""
"","html-keyboard-response","151","56775","0.0-151.0","","","","","null","<img src=""img/flower1.png"" style=""width:200px; border:14px solid green;"">","null","","","","","","","","",""
"","image-keyboard-response","152","56953","0.0-152.0","","","","","176.89999997615814","img/flower1.png","74","177.60000002384186","1","1","2","2","1,0,0,1,1,0,1,0,1","1,0,0,1,1,0,1,0,1","1",""
"","html-keyboard-response","153","57254","0.0-153.0","","","","","null","<img src=""img/flower1.png"" style=""width:200px; border:14px solid green;"">","null","","","","","","","","",""
"","image-keyboard-response","154","57449","0.0-154.0","","","","","193.69999998807907","img/flower1.png","74","194.5","1","1","2","2","1,0,0,1,1,0,1,0,1","1,0,0,1,1,0,1,0,1","1",""
"","html-keyboard-response","155","57751","0.0-155.0","","","","","null","<img src=""img/flower1.png"" style=""width:200px; border:14px solid green;"">","null","","","","","","","","",""
"","image-keyboard-response","156","57921","0.0-156.0","","","","","169.5999999642372","img/flower6.png","74","170.10000002384186","1","1","3","2","1,0,0,1,1,0,1,0,1","1,0,0,1,1,0,1,0,1","1",""
"","html-keyboard-response","157","58223","0.0-157.0","","","","","null","<img src=""img/flower6.png"" style=""width:200px; border:14px solid green;"">","null","","","","","","","","",""
"","image-keyboard-response","158","58401","0.0-158.0","","","","","177.89999997615814","img/flower6.png","74","178.5","1","1","3","2","1,0,0,1,1,0,1,0,1","1,0,0,1,1,0,1,0,1","1",""
"","html-keyboard-response","159","58703","0.0-159.0","","","","","null","<img src=""img/flower6.png"" style=""width:200px; border:14px solid green;"">","null","","","","","","","","",""
"","image-keyboard-response","160","58841","0.0-160.0","","","","","137.4000000357628","img/flower1.png","74","138.19999998807907","1","1","2","2","1,0,0,1,1,0,1,0,1","1,0,0,1,1,0,1,0,1","1",""
"","html-keyboard-response","161","59143","0.0-161.0","","","","","null","<img src=""img/flower1.png"" style=""width:200px; border:14px solid green;"">","null","","","","","","","","",""
"","image-keyboard-response","162","59337","0.0-162.0","","","","","193.10000002384186","img/flower1.png","74","194.39999997615814","1","1","2","2","1,0,0,1,1,0,1,0,1","1,0,0,1,1,0,1,0,1","1",""
"","html-keyboard-response","163","59640","0.0-163.0","","","","","null","<img src=""img/flower1.png"" style=""width:200px; border:14px solid green;"">","null","","","","","","","","",""
"","image-keyboard-response","164","59841","0.0-164.0","","","","","201","img/flower1.png","74","201.80000001192093","1","1","2","2","1,0,0,1,1,0,1,0,1","1,0,0,1,1,0,1,0,1","1",""
"","html-keyboard-response","165","60143","0.0-165.0","","","","","null","<img src=""img/flower1.png"" style=""width:200px; border:14px solid green;"">","null","","","","","","","","",""
"","image-keyboard-response","166","60305","0.0-166.0","","","","","161.80000001192093","img/flower3.png","74","162.30000001192093","1","1","1","2","1,0,0,1,1,0,1,0,1","1,0,0,1,1,0,1,0,1","1",""
"","html-keyboard-response","167","60606","0.0-167.0","","","","","null","<img src=""img/flower3.png"" style=""width:200px; border:14px solid green;"">","null","","","","","","","","",""
"","image-keyboard-response","168","60785","0.0-168.0","","","","","178.20000004768372","img/flower1.png","74","179.10000002384186","1","1","2","2","1,0,0,1,1,0,1,0,1","1,0,0,1,1,0,1,0,1","1",""
"","html-keyboard-response","169","61087","0.0-169.0","","","","","null","<img src=""img/flower1.png"" style=""width:200px; border:14px solid green;"">","null","","","","","","","","",""
"","image-keyboard-response","170","61306","0.0-170.0","","","","","217.69999998807907","img/flower3.png","74","218.29999995231628","1","1","1","2","1,0,0,1,1,0,1,0,1","1,0,0,1,1,0,1,0,1","1",""
"","html-keyboard-response","171","61607","0.0-171.0","","","","","null","<img src=""img/flower3.png"" style=""width:200px; border:14px solid green;"">","null","","","","","","","","",""
"","image-keyboard-response","172","61802","0.0-172.0","","","","","194.39999997615814","img/flower3.png","74","195","1","1","1","2","1,0,0,1,1,0,1,0,1","1,0,0,1,1,0,1,0,1","1",""
"","html-keyboard-response","173","62103","0.0-173.0","","","","","null","<img src=""img/flower3.png"" style=""width:200px; border:14px solid green;"">","null","","","","","","","","",""
"","image-keyboard-response","174","62266","0.0-174.0","","","","","161.69999998807907","img/flower6.png","74","162.5","1","1","3","2","1,0,0,1,1,0,1,0,1","1,0,0,1,1,0,1,0,1","1",""
"","html-keyboard-response","175","62567","0.0-175.0","","","","","null","<img src=""img/flower6.png"" style=""width:200px; border:14px solid green;"">","null","","","","","","","","",""
"","image-keyboard-response","176","62762","0.0-176.0","","","","","193.80000001192093","img/flower6.png","74","194.4000000357628","1","1","3","2","1,0,0,1,1,0,1,0,1","1,0,0,1,1,0,1,0,1","1",""
"","html-keyboard-response","177","63063","0.0-177.0","","","","","null","<img src=""img/flower6.png"" style=""width:200px; border:14px solid green;"">","null","","","","","","","","",""
"","image-keyboard-response","178","63218","0.0-178.0","","","","","153.80000001192093","img/flower3.png","74","154.4000000357628","1","1","1","2","1,0,0,1,1,0,1,0,1","1,0,0,1,1,0,1,0,1","1",""
"","html-keyboard-response","179","63519","0.0-179.0","","","","","null","<img src=""img/flower3.png"" style=""width:200px; border:14px solid green;"">","null","","","","","","","","",""
"","image-keyboard-response","180","63730","0.0-180.0","","","","","210.60000002384186","img/flower3.png","74","211.0999999642372","1","1","1","2","1,0,0,1,1,0,1,0,1","1,0,0,1,1,0,1,0,1","1",""
"","html-keyboard-response","181","64031","0.0-181.0","","","","","null","<img src=""img/flower3.png"" style=""width:200px; border:14px solid green;"">","null","","","","","","","","",""
"","image-keyboard-response","182","64178","0.0-182.0","","","","","145.69999998807907","img/flower5.png","74","146.9000000357628","1","1","1","1","1,0.333,0.333,0.333,1,0.333,0.333,0.333,1","1,0.333,0.333,0.333,1,0.333,0.333,0.333,1","1",""
"","html-keyboard-response","183","64479","0.0-183.0","","","","","null","<img src=""img/flower5.png"" style=""width:200px; border:14px solid green;"">","null","","","","","","","","",""
"","image-keyboard-response","184","64642","0.0-184.0","","","","","156","img/flower4.png","74","162.5999999642372","1","1","3","1","1,0.333,0.333,0.333,1,0.333,0.333,0.333,1","1,0.333,0.333,0.333,1,0.333,0.333,0.333,1","1",""
"","html-keyboard-response","185","64948","0.0-185.0","","","","","null","<img src=""img/flower4.png"" style=""width:200px; border:14px solid green;"">","null","","","","","","","","",""
"","image-keyboard-response","186","65154","0.0-186.0","","","","","201.5999999642372","img/flower4.png","74","205.69999998807907","1","1","3","1","1,0.333,0.333,0.333,1,0.333,0.333,0.333,1","1,0.333,0.333,0.333,1,0.333,0.333,0.333,1","1",""
"","html-keyboard-response","187","65459","0.0-187.0","","","","","null","<img src=""img/flower4.png"" style=""width:200px; border:14px solid green;"">","null","","","","","","","","",""
"","image-keyboard-response","188","65626","0.0-188.0","","","","","166.10000002384186","img/flower2.png","74","166.5999999642372","1","0","2","1","1,0.333,0.333,0.333,1,0.333,0.333,0.333,1","1,0.333,0.333,0.333,1,0.333,0.333,0.333,1","1",""
"","html-keyboard-response","189","65928","0.0-189.0","","","","","null","<img src=""img/flower2.png"" style=""width:200px;border:14px solid red;"">","null","","","","","","","","",""
"","image-keyboard-response","190","66130","0.0-190.0","","","","","201.5999999642372","img/flower2.png","74","202.29999995231628","1","1","2","1","1,0.333,0.333,0.333,1,0.333,0.333,0.333,1","1,0.333,0.333,0.333,1,0.333,0.333,0.333,1","1",""
"","html-keyboard-response","191","66432","0.0-191.0","","","","","null","<img src=""img/flower2.png"" style=""width:200px; border:14px solid green;"">","null","","","","","","","","",""
"","image-keyboard-response","192","66578","0.0-192.0","","","","","145.30000001192093","img/flower5.png","74","146.19999998807907","1","1","1","1","1,0.333,0.333,0.333,1,0.333,0.333,0.333,1","1,0.333,0.333,0.333,1,0.333,0.333,0.333,1","1",""
"","html-keyboard-response","193","66880","0.0-193.0","","","","","null","<img src=""img/flower5.png"" style=""width:200px; border:14px solid green;"">","null","","","","","","","","",""
"","image-keyboard-response","194","67122","0.0-194.0","","","","","241.79999995231628","img/flower2.png","74","242.30000001192093","1","0","2","1","1,0.333,0.333,0.333,1,0.333,0.333,0.333,1","1,0.333,0.333,0.333,1,0.333,0.333,0.333,1","1",""
"","html-keyboard-response","195","67423","0.0-195.0","","","","","null","<img src=""img/flower2.png"" style=""width:200px;border:14px solid red;"">","null","","","","","","","","",""
"","image-keyboard-response","196","67594","0.0-196.0","","","","","170.39999997615814","img/flower2.png","74","170.80000001192093","1","0","2","1","1,0.333,0.333,0.333,1,0.333,0.333,0.333,1","1,0.333,0.333,0.333,1,0.333,0.333,0.333,1","1",""
"","html-keyboard-response","197","67896","0.0-197.0","","","","","null","<img src=""img/flower2.png"" style=""width:200px;border:14px solid red;"">","null","","","","","","","","",""
"","image-keyboard-response","198","68066","0.0-198.0","","","","","169.80000001192093","img/flower2.png","74","170.30000001192093","1","0","2","1","1,0.333,0.333,0.333,1,0.333,0.333,0.333,1","1,0.333,0.333,0.333,1,0.333,0.333,0.333,1","1",""
"","html-keyboard-response","199","68368","0.0-199.0","","","","","null","<img src=""img/flower2.png"" style=""width:200px;border:14px solid red;"">","null","","","","","","","","",""
"","image-keyboard-response","200","69498","0.0-200.0","","","","","1126.2000000476837","img/flower4.png","75","1130.300000011921","2","0","3","1","1,0.333,0.333,0.333,1,0.333,0.333,0.333,1","1,0.333,0.333,0.333,1,0.333,0.333,0.333,1","1",""
"","html-keyboard-response","201","69804","0.0-201.0","","","","","null","<img src=""img/flower4.png"" style=""width:200px;border:14px solid red;"">","null","","","","","","","","",""
"","image-keyboard-response","202","70347","0.0-202.0","","","","","538.5","img/flower4.png","76","542.9000000357628","3","1","3","1","1,0.333,0.333,0.333,1,0.333,0.333,0.333,1","1,0.333,0.333,0.333,1,0.333,0.333,0.333,1","1",""
"","html-keyboard-response","203","70651","0.0-203.0","","","","","null","<img src=""img/flower4.png"" style=""width:200px; border:14px solid green;"">","null","","","","","","","","",""
"","image-keyboard-response","204","71547","0.0-204.0","","","","","894.3000000119209","img/flower5.png","74","895.3000000119209","1","1","1","1","1,0.333,0.333,0.333,1,0.333,0.333,0.333,1","1,0.333,0.333,0.333,1,0.333,0.333,0.333,1","1",""
"","html-keyboard-response","205","71848","0.0-205.0","","","","","null","<img src=""img/flower5.png"" style=""width:200px; border:14px solid green;"">","null","","","","","","","","",""
"","image-keyboard-response","206","72219","0.0-206.0","","","","","369.69999998807907","img/flower5.png","74","370.5999999642372","1","1","1","1","1,0.333,0.333,0.333,1,0.333,0.333,0.333,1","1,0.333,0.333,0.333,1,0.333,0.333,0.333,1","1",""
"","html-keyboard-response","207","72521","0.0-207.0","","","","","null","<img src=""img/flower5.png"" style=""width:200px; border:14px solid green;"">","null","","","","","","","","",""
"","image-keyboard-response","208","73339","0.0-208.0","","","","","813.3999999761581","img/flower4.png","75","817.5999999642372","2","0","3","1","1,0.333,0.333,0.333,1,0.333,0.333,0.333,1","1,0.333,0.333,0.333,1,0.333,0.333,0.333,1","1",""
"","html-keyboard-response","209","73644","0.0-209.0","","","","","null","<img src=""img/flower4.png"" style=""width:200px;border:14px solid red;"">","null","","","","","","","","",""
"","image-keyboard-response","210","74451","0.0-210.0","","","","","802.7999999523163","img/flower4.png","76","807.3000000119209","3","1","3","1","1,0.333,0.333,0.333,1,0.333,0.333,0.333,1","1,0.333,0.333,0.333,1,0.333,0.333,0.333,1","1",""
"","html-keyboard-response","211","74757","0.0-211.0","","","","","null","<img src=""img/flower4.png"" style=""width:200px; border:14px solid green;"">","null","","","","","","","","",""
"","image-keyboard-response","212","75131","0.0-212.0","","","","","370.39999997615814","img/flower4.png","76","374.5","3","1","3","1","1,0.333,0.333,0.333,1,0.333,0.333,0.333,1","1,0.333,0.333,0.333,1,0.333,0.333,0.333,1","1",""
"","html-keyboard-response","213","75436","0.0-213.0","","","","","null","<img src=""img/flower4.png"" style=""width:200px; border:14px solid green;"">","null","","","","","","","","",""
"","image-keyboard-response","214","76371","0.0-214.0","","","","","934.3999999761581","img/flower2.png","74","934.8000000119209","1","0","2","1","1,0.333,0.333,0.333,1,0.333,0.333,0.333,1","1,0.333,0.333,0.333,1,0.333,0.333,0.333,1","1",""
"","html-keyboard-response","215","76673","0.0-215.0","","","","","null","<img src=""img/flower2.png"" style=""width:200px;border:14px solid red;"">","null","","","","","","","","",""
"","image-keyboard-response","216","77675","0.0-216.0","","","","","1001.5","img/flower5.png","74","1002.3999999761581","1","1","1","1","1,0.333,0.333,0.333,1,0.333,0.333,0.333,1","1,0.333,0.333,0.333,1,0.333,0.333,0.333,1","1",""
"","html-keyboard-response","217","77977","0.0-217.0","","","","","null","<img src=""img/flower5.png"" style=""width:200px; border:14px solid green;"">","null","","","","","","","","",""
"","image-keyboard-response","218","78468","0.0-218.0","","","","","489.80000001192093","img/flower5.png","74","490.39999997615814","1","1","1","1","1,0.333,0.333,0.333,1,0.333,0.333,0.333,1","1,0.333,0.333,0.333,1,0.333,0.333,0.333,1","1",""
"","html-keyboard-response","219","78770","0.0-219.0","","","","","null","<img src=""img/flower5.png"" style=""width:200px; border:14px solid green;"">","null","","","","","","","","",""
"","image-keyboard-response","220","79588","0.0-220.0","","","","","817.2999999523163","img/flower2.png","75","817.9000000357628","2","1","2","1","1,0.333,0.333,0.333,1,0.333,0.333,0.333,1","1,0.333,0.333,0.333,1,0.333,0.333,0.333,1","1",""
"","html-keyboard-response","221","79889","0.0-221.0","","","","","null","<img src=""img/flower2.png"" style=""width:200px; border:14px solid green;"">","null","","","","","","","","",""
"","image-keyboard-response","222","80172","0.0-222.0","","","","","281.89999997615814","img/flower2.png","75","282.39999997615814","2","1","2","1","1,0.333,0.333,0.333,1,0.333,0.333,0.333,1","1,0.333,0.333,0.333,1,0.333,0.333,0.333,1","1",""
"","html-keyboard-response","223","80473","0.0-223.0","","","","","null","<img src=""img/flower2.png"" style=""width:200px; border:14px solid green;"">","null","","","","","","","","",""
"","image-keyboard-response","224","80692","0.0-224.0","","","","","218.20000004768372","img/flower2.png","75","218.69999998807907","2","1","2","1","1,0.333,0.333,0.333,1,0.333,0.333,0.333,1","1,0.333,0.333,0.333,1,0.333,0.333,0.333,1","1",""
"","html-keyboard-response","225","80993","0.0-225.0","","","","","null","<img src=""img/flower2.png"" style=""width:200px; border:14px solid green;"">","null","","","","","","","","",""
"","image-keyboard-response","226","81508","0.0-226.0","","","","","510","img/flower4.png","76","514.3999999761581","3","1","3","1","1,0.333,0.333,0.333,1,0.333,0.333,0.333,1","1,0.333,0.333,0.333,1,0.333,0.333,0.333,1","1",""
"","html-keyboard-response","227","81813","0.0-227.0","","","","","null","<img src=""img/flower4.png"" style=""width:200px; border:14px solid green;"">","null","","","","","","","","",""
"","image-keyboard-response","228","82436","0.0-228.0","","","","","622.5","img/flower2.png","75","623.1000000238419","2","1","2","1","1,0.333,0.333,0.333,1,0.333,0.333,0.333,1","1,0.333,0.333,0.333,1,0.333,0.333,0.333,1","1",""
"","html-keyboard-response","229","82738","0.0-229.0","","","","","null","<img src=""img/flower2.png"" style=""width:200px; border:14px solid green;"">","null","","","","","","","","",""
"","image-keyboard-response","230","83348","0.0-230.0","","","","","605.4000000357628","img/flower4.png","76","609.6999999880791","3","1","3","1","1,0.333,0.333,0.333,1,0.333,0.333,0.333,1","1,0.333,0.333,0.333,1,0.333,0.333,0.333,1","1",""
"","html-keyboard-response","231","83653","0.0-231.0","","","","","null","<img src=""img/flower4.png"" style=""width:200px; border:14px solid green;"">","null","","","","","","","","",""
"","image-keyboard-response","232","84164","0.0-232.0","","","","","506.5","img/flower4.png","76","510.60000002384186","3","1","3","1","1,0.333,0.333,0.333,1,0.333,0.333,0.333,1","1,0.333,0.333,0.333,1,0.333,0.333,0.333,1","1",""
"","html-keyboard-response","233","84469","0.0-233.0","","","","","null","<img src=""img/flower4.png"" style=""width:200px; border:14px solid green;"">","null","","","","","","","","",""
"","image-keyboard-response","234","84908","0.0-234.0","","","","","438.2000000476837","img/flower5.png","74","439","1","1","1","1","1,0.333,0.333,0.333,1,0.333,0.333,0.333,1","1,0.333,0.333,0.333,1,0.333,0.333,0.333,1","1",""
"","html-keyboard-response","235","85210","0.0-235.0","","","","","null","<img src=""img/flower5.png"" style=""width:200px; border:14px solid green;"">","null","","","","","","","","",""
"","image-keyboard-response","236","85932","0.0-236.0","","","","","722","img/flower2.png","75","722.4000000357628","2","1","2","1","1,0.333,0.333,0.333,1,0.333,0.333,0.333,1","1,0.333,0.333,0.333,1,0.333,0.333,0.333,1","1",""
"","html-keyboard-response","237","86234","0.0-237.0","","","","","null","<img src=""img/flower2.png"" style=""width:200px; border:14px solid green;"">","null","","","","","","","","",""
"","image-keyboard-response","238","86500","0.0-238.0","","","","","266.10000002384186","img/flower2.png","75","266.69999998807907","2","1","2","1","1,0.333,0.333,0.333,1,0.333,0.333,0.333,1","1,0.333,0.333,0.333,1,0.333,0.333,0.333,1","1",""
"","html-keyboard-response","239","86802","0.0-239.0","","","","","null","<img src=""img/flower2.png"" style=""width:200px; border:14px solid green;"">","null","","","","","","","","",""
"","image-keyboard-response","240","87573","0.0-240.0","","","","","766","img/flower4.png","76","769.9000000357628","3","1","3","1","1,0.333,0.333,0.333,1,0.333,0.333,0.333,1","1,0.333,0.333,0.333,1,0.333,0.333,0.333,1","1",""
"","html-keyboard-response","241","87878","0.0-241.0","","","","","null","<img src=""img/flower4.png"" style=""width:200px; border:14px solid green;"">","null","","","","","","","","",""
"","image-keyboard-response","242","88165","0.0-242.0","","","","","282","img/flower4.png","76","286.10000002384186","3","1","3","1","1,0.333,0.333,0.333,1,0.333,0.333,0.333,1","1,0.333,0.333,0.333,1,0.333,0.333,0.333,1","1",""
"","html-keyboard-response","243","88470","0.0-243.0","","","","","null","<img src=""img/flower4.png"" style=""width:200px; border:14px solid green;"">","null","","","","","","","","",""
"","image-keyboard-response","244","88973","0.0-244.0","","","","","502.10000002384186","img/flower5.png","74","503","1","1","1","1","1,0.333,0.333,0.333,1,0.333,0.333,0.333,1","1,0.333,0.333,0.333,1,0.333,0.333,0.333,1","1",""
"","html-keyboard-response","245","89275","0.0-245.0","","","","","null","<img src=""img/flower5.png"" style=""width:200px; border:14px solid green;"">","null","","","","","","","","",""
"","image-keyboard-response","246","90245","0.0-246.0","","","","","965.0999999642372","img/flower4.png","76","969.7999999523163","3","1","3","1","1,0.333,0.333,0.333,1,0.333,0.333,0.333,1","1,0.333,0.333,0.333,1,0.333,0.333,0.333,1","1",""
"","html-keyboard-response","247","90551","0.0-247.0","","","","","null","<img src=""img/flower4.png"" style=""width:200px; border:14px solid green;"">","null","","","","","","","","",""
"","image-keyboard-response","248","90909","0.0-248.0","","","","","354.19999998807907","img/flower4.png","76","358.5","3","1","3","1","1,0.333,0.333,0.333,1,0.333,0.333,0.333,1","1,0.333,0.333,0.333,1,0.333,0.333,0.333,1","1",""
"","html-keyboard-response","249","91214","0.0-249.0","","","","","null","<img src=""img/flower4.png"" style=""width:200px; border:14px solid green;"">","null","","","","","","","","",""
"","image-keyboard-response","250","91749","0.0-250.0","","","","","534.1999999880791","img/flower2.png","75","534.8000000119209","2","1","2","1","1,0.333,0.333,0.333,1,0.333,0.333,0.333,1","1,0.333,0.333,0.333,1,0.333,0.333,0.333,1","1",""
"","html-keyboard-response","251","92051","0.0-251.0","","","","","null","<img src=""img/flower2.png"" style=""width:200px; border:14px solid green;"">","null","","","","","","","","",""
"","image-keyboard-response","252","92773","0.0-252.0","","","","","718.1999999880791","img/flower4.png","76","722.4000000357628","3","1","3","1","1,0.333,0.333,0.333,1,0.333,0.333,0.333,1","1,0.333,0.333,0.333,1,0.333,0.333,0.333,1","1",""
"","html-keyboard-response","253","93079","0.0-253.0","","","","","null","<img src=""img/flower4.png"" style=""width:200px; border:14px solid green;"">","null","","","","","","","","",""
"","image-keyboard-response","254","93581","0.0-254.0","","","","","502.19999998807907","img/flower2.png","75","502.69999998807907","2","1","2","1","1,0.333,0.333,0.333,1,0.333,0.333,0.333,1","1,0.333,0.333,0.333,1,0.333,0.333,0.333,1","1",""
"","html-keyboard-response","255","93883","0.0-255.0","","","","","null","<img src=""img/flower2.png"" style=""width:200px; border:14px solid green;"">","null","","","","","","","","",""
"","image-keyboard-response","256","94229","0.0-256.0","","","","","346","img/flower2.png","75","346.5","2","1","2","1","1,0.333,0.333,0.333,1,0.333,0.333,0.333,1","1,0.333,0.333,0.333,1,0.333,0.333,0.333,1","1",""
"","html-keyboard-response","257","94531","0.0-257.0","","","","","null","<img src=""img/flower2.png"" style=""width:200px; border:14px solid green;"">","null","","","","","","","","",""
"","image-keyboard-response","258","95013","0.0-258.0","","","","","477.69999998807907","img/flower4.png","76","481.9000000357628","3","1","3","1","1,0.333,0.333,0.333,1,0.333,0.333,0.333,1","1,0.333,0.333,0.333,1,0.333,0.333,0.333,1","1",""
"","html-keyboard-response","259","95318","0.0-259.0","","","","","null","<img src=""img/flower4.png"" style=""width:200px; border:14px solid green;"">","null","","","","","","","","",""
"","image-keyboard-response","260","95606","0.0-260.0","","","","","282.5","img/flower4.png","76","287","3","1","3","1","1,0.333,0.333,0.333,1,0.333,0.333,0.333,1","1,0.333,0.333,0.333,1,0.333,0.333,0.333,1","1",""
"","html-keyboard-response","261","95911","0.0-261.0","","","","","null","<img src=""img/flower4.png"" style=""width:200px; border:14px solid green;"">","null","","","","","","","","",""
"","image-keyboard-response","262","96382","0.0-262.0","","","","","469.5999999642372","img/flower5.png","74","470.5","1","1","1","1","1,0.333,0.333,0.333,1,0.333,0.333,0.333,1","1,0.333,0.333,0.333,1,0.333,0.333,0.333,1","1",""
"","html-keyboard-response","263","96686","0.0-263.0","","","","","null","<img src=""img/flower5.png"" style=""width:200px; border:14px solid green;"">","null","","","","","","","","",""
"","image-keyboard-response","264","97190","0.0-264.0","","","","","502.5","img/flower2.png","75","503.10000002384186","2","1","2","1","1,0.333,0.333,0.333,1,0.333,0.333,0.333,1","1,0.333,0.333,0.333,1,0.333,0.333,0.333,1","1",""
"","html-keyboard-response","265","97495","0.0-265.0","","","","","null","<img src=""img/flower2.png"" style=""width:200px; border:14px solid green;"">","null","","","","","","","","",""
"","image-keyboard-response","266","97974","0.0-266.0","","","","","474.19999998807907","img/flower4.png","76","478.5","3","1","3","1","1,0.333,0.333,0.333,1,0.333,0.333,0.333,1","1,0.333,0.333,0.333,1,0.333,0.333,0.333,1","1",""
"","html-keyboard-response","267","98279","0.0-267.0","","","","","null","<img src=""img/flower4.png"" style=""width:200px; border:14px solid green;"">","null","","","","","","","","",""
"","image-keyboard-response","268","99262","0.0-268.0","","","","","982.7000000476837","img/flower2.png","75","983.2999999523163","2","1","2","1","1,0.333,0.333,0.333,1,0.333,0.333,0.333,1","1,0.333,0.333,0.333,1,0.333,0.333,0.333,1","1",""
"","html-keyboard-response","269","99564","0.0-269.0","","","","","null","<img src=""img/flower2.png"" style=""width:200px; border:14px solid green;"">","null","","","","","","","","",""
"","image-keyboard-response","270","100094","0.0-270.0","","","","","529.3000000119209","img/flower5.png","74","530.2999999523163","1","1","1","1","1,0.333,0.333,0.333,1,0.333,0.333,0.333,1","1,0.333,0.333,0.333,1,0.333,0.333,0.333,1","1",""
"","html-keyboard-response","271","100396","0.0-271.0","","","","","null","<img src=""img/flower5.png"" style=""width:200px; border:14px solid green;"">","null","","","","","","","","",""
"","image-keyboard-response","272","101070","0.0-272.0","","","","","673.1000000238419","img/flower2.png","75","673.5","2","1","2","1","1,0.333,0.333,0.333,1,0.333,0.333,0.333,1","1,0.333,0.333,0.333,1,0.333,0.333,0.333,1","1",""
"","html-keyboard-response","273","101371","0.0-273.0","","","","","null","<img src=""img/flower2.png"" style=""width:200px; border:14px solid green;"">","null","","","","","","","","",""
"","image-keyboard-response","274","101718","0.0-274.0","","","","","346.60000002384186","img/flower2.png","75","347","2","1","2","1","1,0.333,0.333,0.333,1,0.333,0.333,0.333,1","1,0.333,0.333,0.333,1,0.333,0.333,0.333,1","1",""
"","html-keyboard-response","275","102020","0.0-275.0","","","","","null","<img src=""img/flower2.png"" style=""width:200px; border:14px solid green;"">","null","","","","","","","","",""
"","image-keyboard-response","276","102438","0.0-276.0","","","","","417.5","img/flower5.png","76","418.4000000357628","3","0","1","1","1,0.333,0.333,0.333,1,0.333,0.333,0.333,1","1,0.333,0.333,0.333,1,0.333,0.333,0.333,1","1",""
"","html-keyboard-response","277","102740","0.0-277.0","","","","","null","<img src=""img/flower5.png"" style=""width:200px;border:14px solid red;"">","null","","","","","","","","",""
"","image-keyboard-response","278","102822","0.0-278.0","","","","","81.69999998807907","img/flower5.png","74","82.59999996423721","1","1","1","1","1,0.333,0.333,0.333,1,0.333,0.333,0.333,1","1,0.333,0.333,0.333,1,0.333,0.333,0.333,1","1",""
"","html-keyboard-response","279","103124","0.0-279.0","","","","","null","<img src=""img/flower5.png"" style=""width:200px; border:14px solid green;"">","null","","","","","","","","",""
"","image-keyboard-response","280","103774","0.0-280.0","","","","","649.8000000119209","img/flower2.png","75","650.3000000119209","2","1","2","1","1,0.333,0.333,0.333,1,0.333,0.333,0.333,1","1,0.333,0.333,0.333,1,0.333,0.333,0.333,1","1",""
"","html-keyboard-response","281","104076","0.0-281.0","","","","","null","<img src=""img/flower2.png"" style=""width:200px; border:14px solid green;"">","null","","","","","","","","",""
"","image-keyboard-response","282","104391","0.0-282.0","","","","","314.0999999642372","img/flower2.png","75","314.7999999523163","2","1","2","1","1,0.333,0.333,0.333,1,0.333,0.333,0.333,1","1,0.333,0.333,0.333,1,0.333,0.333,0.333,1","1",""
"","html-keyboard-response","283","104696","0.0-283.0","","","","","null","<img src=""img/flower2.png"" style=""width:200px; border:14px solid green;"">","null","","","","","","","","",""
"","image-keyboard-response","284","105143","0.0-284.0","","","","","442.7999999523163","img/flower4.png","76","446.89999997615814","3","1","3","1","1,0.333,0.333,0.333,1,0.333,0.333,0.333,1","1,0.333,0.333,0.333,1,0.333,0.333,0.333,1","1",""
"","html-keyboard-response","285","105448","0.0-285.0","","","","","null","<img src=""img/flower4.png"" style=""width:200px; border:14px solid green;"">","null","","","","","","","","",""
"","image-keyboard-response","286","105743","0.0-286.0","","","","","290.19999998807907","img/flower4.png","76","294.5","3","1","3","1","1,0.333,0.333,0.333,1,0.333,0.333,0.333,1","1,0.333,0.333,0.333,1,0.333,0.333,0.333,1","1",""
"","html-keyboard-response","287","106048","0.0-287.0","","","","","null","<img src=""img/flower4.png"" style=""width:200px; border:14px solid green;"">","null","","","","","","","","",""
"","image-keyboard-response","288","106607","0.0-288.0","","","","","557.6999999880791","img/flower2.png","75","558.3000000119209","2","1","2","1","1,0.333,0.333,0.333,1,0.333,0.333,0.333,1","1,0.333,0.333,0.333,1,0.333,0.333,0.333,1","1",""
"","html-keyboard-response","289","106908","0.0-289.0","","","","","null","<img src=""img/flower2.png"" style=""width:200px; border:14px solid green;"">","null","","","","","","","","",""
"","image-keyboard-response","290","107407","0.0-290.0","","","","","497.89999997615814","img/flower5.png","74","498.69999998807907","1","1","1","1","1,0.333,0.333,0.333,1,0.333,0.333,0.333,1","1,0.333,0.333,0.333,1,0.333,0.333,0.333,1","1",""
"","html-keyboard-response","291","107709","0.0-291.0","","","","","null","<img src=""img/flower5.png"" style=""width:200px; border:14px solid green;"">","null","","","","","","","","",""
"","image-keyboard-response","292","108207","0.0-292.0","","","","","497.5","img/flower2.png","75","498","2","1","2","1","1,0.333,0.333,0.333,1,0.333,0.333,0.333,1","1,0.333,0.333,0.333,1,0.333,0.333,0.333,1","1",""
"","html-keyboard-response","293","108509","0.0-293.0","","","","","null","<img src=""img/flower2.png"" style=""width:200px; border:14px solid green;"">","null","","","","","","","","",""
"","image-keyboard-response","294","108871","0.0-294.0","","","","","361.9000000357628","img/flower2.png","75","362.5","2","1","2","1","1,0.333,0.333,0.333,1,0.333,0.333,0.333,1","1,0.333,0.333,0.333,1,0.333,0.333,0.333,1","1",""
"","html-keyboard-response","295","109173","0.0-295.0","","","","","null","<img src=""img/flower2.png"" style=""width:200px; border:14px solid green;"">","null","","","","","","","","",""
"","image-keyboard-response","296","109647","0.0-296.0","","","","","473.69999998807907","img/flower5.png","74","474.60000002384186","1","1","1","1","1,0.333,0.333,0.333,1,0.333,0.333,0.333,1","1,0.333,0.333,0.333,1,0.333,0.333,0.333,1","1",""
"","html-keyboard-response","297","109949","0.0-297.0","","","","","null","<img src=""img/flower5.png"" style=""width:200px; border:14px solid green;"">","null","","","","","","","","",""
"","image-keyboard-response","298","110495","0.0-298.0","","","","","542.1999999880791","img/flower4.png","76","546.3000000119209","3","1","3","1","1,0.333,0.333,0.333,1,0.333,0.333,0.333,1","1,0.333,0.333,0.333,1,0.333,0.333,0.333,1","1",""
"","html-keyboard-response","299","110801","0.0-299.0","","","","","null","<img src=""img/flower4.png"" style=""width:200px; border:14px solid green;"">","null","","","","","","","","",""
"","image-keyboard-response","300","111392","0.0-300.0","","","","","589.2000000476837","img/flower5.png","75","589.8999999761581","2","0","1","1","1,0.333,0.333,0.333,1,0.333,0.333,0.333,1","1,0.333,0.333,0.333,1,0.333,0.333,0.333,1","1",""
"","html-keyboard-response","301","111693","0.0-301.0","","","","","null","<img src=""img/flower5.png"" style=""width:200px;border:14px solid red;"">","null","","","","","","","","",""
"","image-keyboard-response","302","112344","0.0-302.0","","","","","645.8999999761581","img/flower4.png","76","650.0999999642372","3","1","3","1","1,0.333,0.333,0.333,1,0.333,0.333,0.333,1","1,0.333,0.333,0.333,1,0.333,0.333,0.333,1","1",""
"","html-keyboard-response","303","112649","0.0-303.0","","","","","null","<img src=""img/flower4.png"" style=""width:200px; border:14px solid green;"">","null","","","","","","","","",""
"","image-keyboard-response","304","113040","0.0-304.0","","","","","385.9000000357628","img/flower4.png","76","390.89999997615814","3","1","3","1","1,0.333,0.333,0.333,1,0.333,0.333,0.333,1","1,0.333,0.333,0.333,1,0.333,0.333,0.333,1","1",""
"","html-keyboard-response","305","113345","0.0-305.0","","","","","null","<img src=""img/flower4.png"" style=""width:200px; border:14px solid green;"">","null","","","","","","","","",""
"","image-keyboard-response","306","113680","0.0-306.0","","","","","330.69999998807907","img/flower4.png","76","334.7999999523163","3","1","3","1","1,0.333,0.333,0.333,1,0.333,0.333,0.333,1","1,0.333,0.333,0.333,1,0.333,0.333,0.333,1","1",""
"","html-keyboard-response","307","113986","0.0-307.0","","","","","null","<img src=""img/flower4.png"" style=""width:200px; border:14px solid green;"">","null","","","","","","","","",""
"","image-keyboard-response","308","114376","0.0-308.0","","","","","389.10000002384186","img/flower5.png","74","389.9000000357628","1","1","1","1","1,0.333,0.333,0.333,1,0.333,0.333,0.333,1","1,0.333,0.333,0.333,1,0.333,0.333,0.333,1","1",""
"","html-keyboard-response","309","114677","0.0-309.0","","","","","null","<img src=""img/flower5.png"" style=""width:200px; border:14px solid green;"">","null","","","","","","","","",""
"","image-keyboard-response","310","115016","0.0-310.0","","","","","337.9000000357628","img/flower5.png","74","338.5999999642372","1","1","1","1","1,0.333,0.333,0.333,1,0.333,0.333,0.333,1","1,0.333,0.333,0.333,1,0.333,0.333,0.333,1","1",""
"","html-keyboard-response","311","115318","0.0-311.0","","","","","null","<img src=""img/flower5.png"" style=""width:200px; border:14px solid green;"">","null","","","","","","","","",""
"","image-keyboard-response","312","115656","0.0-312.0","","","","","337","img/flower5.png","74","337.80000001192093","1","1","1","1","1,0.333,0.333,0.333,1,0.333,0.333,0.333,1","1,0.333,0.333,0.333,1,0.333,0.333,0.333,1","1",""
"","html-keyboard-response","313","115958","0.0-313.0","","","","","null","<img src=""img/flower5.png"" style=""width:200px; border:14px solid green;"">","null","","","","","","","","",""
"","image-keyboard-response","314","116384","0.0-314.0","","","","","422.30000001192093","img/flower4.png","76","426.5","3","1","3","1","1,0.333,0.333,0.333,1,0.333,0.333,0.333,1","1,0.333,0.333,0.333,1,0.333,0.333,0.333,1","1",""
"","html-keyboard-response","315","116689","0.0-315.0","","","","","null","<img src=""img/flower4.png"" style=""width:200px; border:14px solid green;"">","null","","","","","","","","",""
"","image-keyboard-response","316","117096","0.0-316.0","","","","","406.5","img/flower2.png","74","407.0999999642372","1","0","2","1","1,0.333,0.333,0.333,1,0.333,0.333,0.333,1","1,0.333,0.333,0.333,1,0.333,0.333,0.333,1","1",""
"","html-keyboard-response","317","117398","0.0-317.0","","","","","null","<img src=""img/flower2.png"" style=""width:200px;border:14px solid red;"">","null","","","","","","","","",""
"","image-keyboard-response","318","118080","0.0-318.0","","","","","681.3999999761581","img/flower5.png","74","682.1000000238419","1","1","1","1","1,0.333,0.333,0.333,1,0.333,0.333,0.333,1","1,0.333,0.333,0.333,1,0.333,0.333,0.333,1","1",""
"","html-keyboard-response","319","118387","0.0-319.0","","","","","null","<img src=""img/flower5.png"" style=""width:200px; border:14px solid green;"">","null","","","","","","","","",""
"","image-keyboard-response","320","118952","0.0-320.0","","","","","560.6999999880791","img/flower4.png","76","564.8999999761581","3","1","3","1","1,0.333,0.333,0.333,1,0.333,0.333,0.333,1","1,0.333,0.333,0.333,1,0.333,0.333,0.333,1","1",""
"","html-keyboard-response","321","119258","0.0-321.0","","","","","null","<img src=""img/flower4.png"" style=""width:200px; border:14px solid green;"">","null","","","","","","","","",""
"","image-keyboard-response","322","119801","0.0-322.0","","","","","541.7000000476837","img/flower5.png","74","542.6000000238419","1","1","1","1","1,0.333,0.333,0.333,1,0.333,0.333,0.333,1","1,0.333,0.333,0.333,1,0.333,0.333,0.333,1","1",""
"","html-keyboard-response","323","120102","0.0-323.0","","","","","null","<img src=""img/flower5.png"" style=""width:200px; border:14px solid green;"">","null","","","","","","","","",""
"","image-keyboard-response","324","120544","0.0-324.0","","","","","441.5","img/flower2.png","75","442.0999999642372","2","1","2","1","1,0.333,0.333,0.333,1,0.333,0.333,0.333,1","1,0.333,0.333,0.333,1,0.333,0.333,0.333,1","1",""
"","html-keyboard-response","325","120846","0.0-325.0","","","","","null","<img src=""img/flower2.png"" style=""width:200px; border:14px solid green;"">","null","","","","","","","","",""
"","image-keyboard-response","326","121521","0.0-326.0","","","","","673.5999999642372","img/flower5.png","74","674.3999999761581","1","1","1","1","1,0.333,0.333,0.333,1,0.333,0.333,0.333,1","1,0.333,0.333,0.333,1,0.333,0.333,0.333,1","1",""
"","html-keyboard-response","327","121822","0.0-327.0","","","","","null","<img src=""img/flower5.png"" style=""width:200px; border:14px solid green;"">","null","","","","","","","","",""
"","image-keyboard-response","328","122297","0.0-328.0","","","","","474","img/flower2.png","75","474.5999999642372","2","1","2","1","1,0.333,0.333,0.333,1,0.333,0.333,0.333,1","1,0.333,0.333,0.333,1,0.333,0.333,0.333,1","1",""
"","html-keyboard-response","329","122598","0.0-329.0","","","","","null","<img src=""img/flower2.png"" style=""width:200px; border:14px solid green;"">","null","","","","","","","","",""
"","image-keyboard-response","330","123313","0.0-330.0","","","","","714.3000000119209","img/flower5.png","74","715.1999999880791","1","1","1","1","1,0.333,0.333,0.333,1,0.333,0.333,0.333,1","1,0.333,0.333,0.333,1,0.333,0.333,0.333,1","1",""
"","html-keyboard-response","331","123615","0.0-331.0","","","","","null","<img src=""img/flower5.png"" style=""width:200px; border:14px solid green;"">","null","","","","","","","","",""
"","image-keyboard-response","332","124425","0.0-332.0","","","","","809.5","img/flower2.png","75","810.0999999642372","2","1","2","1","1,0.333,0.333,0.333,1,0.333,0.333,0.333,1","1,0.333,0.333,0.333,1,0.333,0.333,0.333,1","1",""
"","html-keyboard-response","333","124726","0.0-333.0","","","","","null","<img src=""img/flower2.png"" style=""width:200px; border:14px solid green;"">","null","","","","","","","","",""
"","image-keyboard-response","334","125233","0.0-334.0","","","","","505.9000000357628","img/flower5.png","74","506.9000000357628","1","1","1","1","1,0.333,0.333,0.333,1,0.333,0.333,0.333,1","1,0.333,0.333,0.333,1,0.333,0.333,0.333,1","1",""
"","html-keyboard-response","335","125535","0.0-335.0","","","","","null","<img src=""img/flower5.png"" style=""width:200px; border:14px solid green;"">","null","","","","","","","","",""
"","image-keyboard-response","336","126017","0.0-336.0","","","","","481.80000001192093","img/flower5.png","74","482.60000002384186","1","1","1","1","1,0.333,0.333,0.333,1,0.333,0.333,0.333,1","1,0.333,0.333,0.333,1,0.333,0.333,0.333,1","1",""
"","html-keyboard-response","337","126319","0.0-337.0","","","","","null","<img src=""img/flower5.png"" style=""width:200px; border:14px solid green;"">","null","","","","","","","","",""
"","image-keyboard-response","338","126681","0.0-338.0","","","","","361.7999999523163","img/flower5.png","74","362.60000002384186","1","1","1","1","1,0.333,0.333,0.333,1,0.333,0.333,0.333,1","1,0.333,0.333,0.333,1,0.333,0.333,0.333,1","1",""
"","html-keyboard-response","339","126983","0.0-339.0","","","","","null","<img src=""img/flower5.png"" style=""width:200px; border:14px solid green;"">","null","","","","","","","","",""
"","image-keyboard-response","340","127553","0.0-340.0","","","","","569.6999999880791","img/flower2.png","75","570.5","2","1","2","1","1,0.333,0.333,0.333,1,0.333,0.333,0.333,1","1,0.333,0.333,0.333,1,0.333,0.333,0.333,1","1",""
"","html-keyboard-response","341","127855","0.0-341.0","","","","","null","<img src=""img/flower2.png"" style=""width:200px; border:14px solid green;"">","null","","","","","","","","",""
"","image-keyboard-response","342","128466","0.0-342.0","","","","","606.3000000119209","img/flower4.png","76","610.6000000238419","3","1","3","1","1,0.333,0.333,0.333,1,0.333,0.333,0.333,1","1,0.333,0.333,0.333,1,0.333,0.333,0.333,1","1",""
"","html-keyboard-response","343","128771","0.0-343.0","","","","","null","<img src=""img/flower4.png"" style=""width:200px; border:14px solid green;"">","null","","","","","","","","",""
"","image-keyboard-response","344","129409","0.0-344.0","","","","","637.7000000476837","img/flower5.png","74","638.5","1","1","1","1","1,0.333,0.333,0.333,1,0.333,0.333,0.333,1","1,0.333,0.333,0.333,1,0.333,0.333,0.333,1","1",""
"","html-keyboard-response","345","129711","0.0-345.0","","","","","null","<img src=""img/flower5.png"" style=""width:200px; border:14px solid green;"">","null","","","","","","","","",""
"","image-keyboard-response","346","130642","0.0-346.0","","","","","930.1000000238419","img/flower2.png","75","930.5","2","1","2","1","1,0.333,0.333,0.333,1,0.333,0.333,0.333,1","1,0.333,0.333,0.333,1,0.333,0.333,0.333,1","1",""
"","html-keyboard-response","347","130943","0.0-347.0","","","","","null","<img src=""img/flower2.png"" style=""width:200px; border:14px solid green;"">","null","","","","","","","","",""
"","image-keyboard-response","348","131474","0.0-348.0","","","","","530.1999999880791","img/flower5.png","74","531","1","1","1","1","1,0.333,0.333,0.333,1,0.333,0.333,0.333,1","1,0.333,0.333,0.333,1,0.333,0.333,0.333,1","1",""
"","html-keyboard-response","349","131775","0.0-349.0","","","","","null","<img src=""img/flower5.png"" style=""width:200px; border:14px solid green;"">","null","","","","","","","","",""
"","image-keyboard-response","350","132330","0.0-350.0","","","","","550.1999999880791","img/flower4.png","76","554.5","3","1","3","1","1,0.333,0.333,0.333,1,0.333,0.333,0.333,1","1,0.333,0.333,0.333,1,0.333,0.333,0.333,1","1",""
"","html-keyboard-response","351","132636","0.0-351.0","","","","","null","<img src=""img/flower4.png"" style=""width:200px; border:14px solid green;"">","null","","","","","","","","",""
"","image-keyboard-response","352","133426","0.0-352.0","","","","","789.5999999642372","img/flower5.png","74","790.4000000357628","1","1","1","1","1,0.333,0.333,0.333,1,0.333,0.333,0.333,1","1,0.333,0.333,0.333,1,0.333,0.333,0.333,1","1",""
"","html-keyboard-response","353","133727","0.0-353.0","","","","","null","<img src=""img/flower5.png"" style=""width:200px; border:14px solid green;"">","null","","","","","","","","",""
"","image-keyboard-response","354","134058","0.0-354.0","","","","","330.10000002384186","img/flower5.png","74","330.9000000357628","1","1","1","1","1,0.333,0.333,0.333,1,0.333,0.333,0.333,1","1,0.333,0.333,0.333,1,0.333,0.333,0.333,1","1",""
"","html-keyboard-response","355","134360","0.0-355.0","","","","","null","<img src=""img/flower5.png"" style=""width:200px; border:14px solid green;"">","null","","","","","","","","",""
"","image-keyboard-response","356","134698","0.0-356.0","","","","","337.19999998807907","img/flower5.png","74","338","1","1","1","1","1,0.333,0.333,0.333,1,0.333,0.333,0.333,1","1,0.333,0.333,0.333,1,0.333,0.333,0.333,1","1",""
"","html-keyboard-response","357","135000","0.0-357.0","","","","","null","<img src=""img/flower5.png"" style=""width:200px; border:14px solid green;"">","null","","","","","","","","",""
"","image-keyboard-response","358","135474","0.0-358.0","","","","","469.5","img/flower4.png","76","473.89999997615814","3","1","3","1","1,0.333,0.333,0.333,1,0.333,0.333,0.333,1","1,0.333,0.333,0.333,1,0.333,0.333,0.333,1","1",""
"","html-keyboard-response","359","135780","0.0-359.0","","","","","null","<img src=""img/flower4.png"" style=""width:200px; border:14px solid green;"">","null","","","","","","","","",""
"","image-keyboard-response","360","136114","0.0-360.0","","","","","330.39999997615814","img/flower4.png","76","334.39999997615814","3","1","3","1","1,0.333,0.333,0.333,1,0.333,0.333,0.333,1","1,0.333,0.333,0.333,1,0.333,0.333,0.333,1","1",""
"","html-keyboard-response","361","136420","0.0-361.0","","","","","null","<img src=""img/flower4.png"" style=""width:200px; border:14px solid green;"">","null","","","","","","","","",""
"","html-keyboard-response","362","139555","0.0-362.0","","","","","","","","","","","","","","","",""
"","instructions","363","140739","0.0-363.0","","","","[{""page_index"":0,""viewing_time"":1183.1000000238419}]","1183.300000011921","","","","","","","","","","",""
"","survey-text","364","145964","0.0-364.0","","","","","5223.199999988079","","","","","","","","","","","{""Q0"":""APGX2WZ59OWDN""}"
